1.853413400000000024e+02 3.017689999999999984e+01
5.483005766666666750e+04 5.483126600000000326e+04
5.483851600000000326e+04 5.483976600000000326e+04
5.485576600000000326e+04 5.485714100000000326e+04
5.486176600000000326e+04 5.486484933333333902e+04
5.486668266666666750e+04 5.486743266666666750e+04
5.488084933333333902e+04 5.488189100000000326e+04
5.488764100000000326e+04 5.488976600000000326e+04
5.489059933333333902e+04 5.489209933333333902e+04
5.490701600000000326e+04 5.490764100000000326e+04
