#energy (TeV)     effective area (m^2)
0.19209727197985957 0.0009893224145727224
0.27091719577450146 0.001470488960057111
0.3654383137422069 0.004194560003429563
0.48432030070204035 0.011796865683198484
0.6476050050019401 0.030044514147645352
0.8660260307166553 0.06547437707693818
1.1481714074863656 0.10447143470168144
1.522031231702288 0.20617286567985277
2.0180447057306936 0.2937155117338838
2.7470927244197902 0.517506580950732
3.7067078987134137 0.898991810212439
4.828553218001404 1.355426418626032
6.516561821815385 1.7239754730682029
8.56279850609269 3.260680107514923
11.255026918811375 3.809380649988156
15.187597901290804 5.992627361921288
20.315693850501454 8.416937106995391
26.935626998563116 12.511546972988263
35.71818015426903 14.616805654969893
48.624092341085316 23.99231813470953
65.05850917286668 22.66215433561588
86.26739677707118 28.41920401293682
115.39664742878125 39.3545424828678
151.69359063157856 39.34129798111735
199.38935772764816 45.31489843070016
273.88377994236674 57.635055582902694
360.0150899039717 61.8457396458951
481.6396348507892 70.23261389263753
655.941588143103 60.073291116308944
877.547454264115 67.25996217277385
1163.8570697129926 61.75649132943142

