1.654369999999980791e+02 1.500000000000000000e+00
1.654786666666647363e+02 1.500000000000000000e+00
1.655203333333314220e+02 1.500000000000000000e+00
1.655619999999980791e+02 1.500000000000000000e+00
1.656036666666647363e+02 1.500000000000000000e+00
1.656453333333314220e+02 1.500000000000000000e+00
1.656869999999980791e+02 1.500000000000000000e+00
1.657286666666647363e+02 1.500000000000000000e+00
1.657703333333314220e+02 1.500000000000000000e+00
1.658119999999980791e+02 1.500000000000000000e+00
1.658536666666647363e+02 1.500000000000000000e+00
1.658953333333314220e+02 1.500000000000000000e+00
1.659369999999980791e+02 1.500000000000000000e+00
1.659786666666647363e+02 1.500000000000000000e+00
1.660203333333314220e+02 1.500000000000000000e+00
1.660619999999980791e+02 1.500000000000000000e+00
1.661036666666647363e+02 1.500000000000000000e+00
1.661453333333314220e+02 1.500000000000000000e+00
1.661869999999980791e+02 1.500000000000000000e+00
1.662286666666647363e+02 1.500000000000000000e+00
1.662703333333314220e+02 1.500000000000000000e+00
1.663119999999980791e+02 1.500000000000000000e+00
1.663536666666647363e+02 1.500000000000000000e+00
1.663953333333314220e+02 1.500000000000000000e+00
1.664369999999980791e+02 1.500000000000000000e+00
1.664786666666647363e+02 1.500000000000000000e+00
1.665203333333314220e+02 1.500000000000000000e+00
1.665619999999980791e+02 1.500000000000000000e+00
1.666036666666647363e+02 1.500000000000000000e+00
1.666453333333314220e+02 1.500000000000000000e+00
1.666869999999980791e+02 1.500000000000000000e+00
1.667286666666647363e+02 1.500000000000000000e+00
1.667703333333314220e+02 1.500000000000000000e+00
1.668119999999980791e+02 1.500000000000000000e+00
1.668536666666647363e+02 1.500000000000000000e+00
1.668953333333314220e+02 1.500000000000000000e+00
1.669369999999980791e+02 1.500000000000000000e+00
1.669786666666647363e+02 1.500000000000000000e+00
1.670203333333314220e+02 1.500000000000000000e+00
1.670619999999980791e+02 1.500000000000000000e+00
1.671036666666647363e+02 1.500000000000000000e+00
1.671453333333314220e+02 1.500000000000000000e+00
1.671869999999980791e+02 1.500000000000000000e+00
1.672286666666647363e+02 1.500000000000000000e+00
1.672703333333314220e+02 1.500000000000000000e+00
1.673119999999980791e+02 1.500000000000000000e+00
1.673536666666647363e+02 1.500000000000000000e+00
1.673953333333314220e+02 1.500000000000000000e+00
1.674369999999980791e+02 1.500000000000000000e+00
1.674786666666647363e+02 1.500000000000000000e+00
1.675203333333314220e+02 1.500000000000000000e+00
1.675619999999980791e+02 1.500000000000000000e+00
1.676036666666647363e+02 1.500000000000000000e+00
1.676453333333314220e+02 1.500000000000000000e+00
1.676869999999980791e+02 1.500000000000000000e+00
1.677286666666647363e+02 1.500000000000000000e+00
1.677703333333314220e+02 1.500000000000000000e+00
1.678119999999980791e+02 1.500000000000000000e+00
1.678536666666647363e+02 1.500000000000000000e+00
1.678953333333314220e+02 1.500000000000000222e+00
1.679369999999980791e+02 1.500000000000000222e+00
1.679786666666647363e+02 1.500000000000000444e+00
1.680203333333314220e+02 1.500000000000000444e+00
1.680619999999980791e+02 1.500000000000000666e+00
1.681036666666647363e+02 1.500000000000001110e+00
1.681453333333314220e+02 1.500000000000001554e+00
1.681869999999980791e+02 1.500000000000002220e+00
1.682286666666647363e+02 1.500000000000003109e+00
1.682703333333314220e+02 1.500000000000004663e+00
1.683119999999980791e+02 1.500000000000006661e+00
1.683536666666647363e+02 1.500000000000009770e+00
1.683953333333314220e+02 1.500000000000014211e+00
1.684369999999980791e+02 1.500000000000020428e+00
1.684786666666647363e+02 1.500000000000029532e+00
1.685203333333314220e+02 1.500000000000042633e+00
1.685619999999980791e+02 1.500000000000061284e+00
1.686036666666647363e+02 1.500000000000087708e+00
1.686453333333314220e+02 1.500000000000125677e+00
1.686869999999980791e+02 1.500000000000179412e+00
1.687286666666647363e+02 1.500000000000255573e+00
1.687703333333314220e+02 1.500000000000363265e+00
1.688119999999980791e+02 1.500000000000515366e+00
1.688536666666647363e+02 1.500000000000729194e+00
1.688953333333314220e+02 1.500000000001029843e+00
1.689369999999980791e+02 1.500000000001451284e+00
1.689786666666647363e+02 1.500000000002040590e+00
1.690203333333314220e+02 1.500000000002863043e+00
1.690619999999980791e+02 1.500000000004008127e+00
1.691036666666647363e+02 1.500000000005598633e+00
1.691453333333314220e+02 1.500000000007803536e+00
1.691869999999980791e+02 1.500000000010852652e+00
1.692286666666647363e+02 1.500000000015060397e+00
1.692703333333314220e+02 1.500000000020853541e+00
1.693119999999980791e+02 1.500000000028811842e+00
1.693536666666647363e+02 1.500000000039720227e+00
1.693953333333314220e+02 1.500000000054638738e+00
1.694369999999980791e+02 1.500000000074995787e+00
1.694786666666647363e+02 1.500000000102711617e+00
1.695203333333314220e+02 1.500000000140362388e+00
1.695619999999980791e+02 1.500000000191394234e+00
1.696036666666647363e+02 1.500000000260408362e+00
1.696453333333314220e+02 1.500000000353531648e+00
1.696869999999980791e+02 1.500000000478904694e+00
1.697286666666647363e+02 1.500000000647317311e+00
1.697703333333314220e+02 1.500000000873036976e+00
1.698119999999980791e+02 1.500000001174884856e+00
1.698536666666647363e+02 1.500000001577630249e+00
1.698953333333314220e+02 1.500000002113792474e+00
1.699369999999980791e+02 1.500000002825963463e+00
1.699786666666647363e+02 1.500000003769795809e+00
1.700203333333314220e+02 1.500000005017832372e+00
1.700619999999980791e+02 1.500000006664405472e+00
1.701036666666647363e+02 1.500000008831888332e+00
1.701453333333314220e+02 1.500000011678647605e+00
1.701869999999980791e+02 1.500000015409136633e+00
1.702286666666647363e+02 1.500000020286669233e+00
1.702703333333314220e+02 1.500000026649545237e+00
1.703119999999980791e+02 1.500000034931351589e+00
1.703536666666647363e+02 1.500000045686451511e+00
1.703953333333314220e+02 1.500000059621901860e+00
1.704369999999980791e+02 1.500000077637312135e+00
1.704786666666647363e+02 1.500000100874484099e+00
1.705203333333314220e+02 1.500000130779064245e+00
1.705619999999980791e+02 1.500000169176907150e+00
1.706036666666647363e+02 1.500000218368392479e+00
1.706453333333314220e+02 1.500000281244600497e+00
1.706869999999980791e+02 1.500000361430003259e+00
1.707286666666647363e+02 1.500000463457237032e+00
1.707703333333314220e+02 1.500000592980554881e+00
1.708119999999980791e+02 1.500000757035776733e+00
1.708536666666647363e+02 1.500000964355959754e+00
1.708953333333314220e+02 1.500001225753609724e+00
1.709369999999980791e+02 1.500001554582117258e+00
1.709786666666647363e+02 1.500001967291189287e+00
1.710203333333314220e+02 1.500002484093437616e+00
1.710619999999980791e+02 1.500003129761964482e+00
1.711036666666647363e+02 1.500003934581793485e+00
1.711453333333314220e+02 1.500004935481343393e+00
1.711869999999980791e+02 1.500006177373845118e+00
1.712286666666647363e+02 1.500007714742672693e+00
1.712703333333314220e+02 1.500009613508995754e+00
1.713119999999980791e+02 1.500011953224965611e+00
1.713536666666647363e+02 1.500014829640788694e+00
1.713953333333314220e+02 1.500018357699509863e+00
1.714369999999980791e+02 1.500022675019052620e+00
1.714786666666647363e+02 1.500027945927019601e+00
1.715203333333314220e+02 1.500034366119805673e+00
1.715619999999980791e+02 1.500042168023673517e+00
1.716036666666647363e+02 1.500051626941391048e+00
1.716453333333314220e+02 1.500063068073725692e+00
1.716869999999980791e+02 1.500076874510286151e+00
1.717286666666647363e+02 1.500093496288713579e+00
1.717703333333314220e+02 1.500113460624757256e+00
1.718119999999980791e+02 1.500137383418047810e+00
1.718536666666647363e+02 1.500165982139059828e+00
1.718953333333314220e+02 1.500200090201472491e+00
1.719369999999980791e+02 1.500240672920505114e+00
1.719786666666647363e+02 1.500288845151381389e+00
1.720203333333314220e+02 1.500345890692444062e+00
1.720619999999980791e+02 1.500413283524127062e+00
1.721036666666647363e+02 1.500492710937546548e+00
1.721453333333314220e+02 1.500586098584449468e+00
1.721869999999980791e+02 1.500695637453229425e+00
1.722286666666647363e+02 1.500823812743297792e+00
1.722703333333314220e+02 1.500973434571958087e+00
1.723119999999980791e+02 1.501147670403806478e+00
1.723536666666647363e+02 1.501350079042409691e+00
1.723953333333314220e+02 1.501584645967527498e+00
1.724369999999980791e+02 1.501855819738523889e+00
1.724786666666647363e+02 1.502168549116058571e+00
1.725203333333314220e+02 1.502528320480013280e+00
1.725619999999980791e+02 1.502941195042447831e+00
1.726036666666647363e+02 1.503413845270853200e+00
1.726453333333314220e+02 1.503953589849954753e+00
1.726869999999980791e+02 1.504568426420838989e+00
1.727286666666647363e+02 1.505267061245394666e+00
1.727703333333314220e+02 1.506058934853256037e+00
1.728119999999980791e+02 1.506954242639030994e+00
1.728536666666647363e+02 1.507963949291062811e+00
1.728953333333314220e+02 1.509099795850775916e+00
1.729369999999980791e+02 1.510374298125416015e+00
1.729786666666647363e+02 1.511800735108140392e+00
1.730203333333314220e+02 1.513393125999459521e+00
1.730619999999980791e+02 1.515166194374418573e+00
1.731036666666647363e+02 1.517135318002081013e+00
1.731453333333314220e+02 1.519316462799098932e+00
1.731869999999980791e+02 1.521726099389063336e+00
1.732286666666647363e+02 1.524381100745322737e+00
1.732703333333314220e+02 1.527298619418943515e+00
1.733119999999980791e+02 1.530495942897573736e+00
1.733536666666647363e+02 1.533990325707964786e+00
1.733953333333314220e+02 1.537798796968019577e+00
1.734369999999980791e+02 1.541937942218162050e+00
1.734786666666647363e+02 1.546423658521659972e+00
1.735203333333314220e+02 1.551270882026217546e+00
1.735619999999980791e+02 1.556493287432825667e+00
1.736036666666647363e+02 1.562102959132301683e+00
1.736453333333314220e+02 1.568110034155899335e+00
1.736869999999980791e+02 1.574522317556848794e+00
1.737286666666647363e+02 1.581344871407769137e+00
1.737703333333314220e+02 1.588579579278285525e+00
1.738119999999980791e+02 1.596224688862123209e+00
1.738536666666647363e+02 1.604274336364760911e+00
1.738953333333314220e+02 1.612718057351298917e+00
1.739369999999980791e+02 1.621540289994355399e+00
1.739786666666647363e+02 1.630719878052297567e+00
1.740203333333314220e+02 1.640229582438133660e+00
1.740619999999980791e+02 1.650035611888838405e+00
1.741036666666647363e+02 1.660097184978069906e+00
1.741453333333314220e+02 1.670366137482096835e+00
1.741869999999980791e+02 1.680786590840516181e+00
1.742286666666647363e+02 1.691294699062543483e+00
1.742703333333314220e+02 1.701818492808198746e+00
1.743119999999980791e+02 1.712277840396888129e+00
1.743536666666647363e+02 1.722584546020663687e+00
1.743953333333314220e+02 1.732642605314153927e+00
1.744369999999980791e+02 1.742348637501614395e+00
1.744786666666647363e+02 1.751592511454461265e+00
1.745203333333314220e+02 1.760258180018551721e+00
1.745619999999980791e+02 1.768224732813260092e+00
1.746036666666647363e+02 1.775367672314760004e+00
1.746453333333314220e+02 1.781560411430886504e+00
1.746869999999980791e+02 1.786675983052069316e+00
1.747286666666647363e+02 1.790588943409671785e+00
1.747703333333314220e+02 1.793177441777490611e+00
1.748119999999980791e+02 1.794325419499472662e+00
1.748536666666647363e+02 1.793924891991702353e+00
1.748953333333314220e+02 1.791878258794793233e+00
1.749369999999980791e+02 1.788100579531486600e+00
1.749786666666647363e+02 1.782521748343690593e+00
1.750203333333314220e+02 1.775088496591842535e+00
1.750619999999980791e+02 1.765766153753843604e+00
1.751036666666647363e+02 1.754540099876358727e+00
1.751453333333314220e+02 1.741416849740308193e+00
1.751869999999980791e+02 1.726424719019448606e+00
1.752286666666647363e+02 1.709614035820284261e+00
1.752703333333314220e+02 1.691056876547186727e+00
1.753119999999980791e+02 1.670846322289144537e+00
1.753536666666647363e+02 1.649095249965761179e+00
1.753953333333314220e+02 1.625934690298767249e+00
1.754369999999980791e+02 1.601511801266402912e+00
1.754786666666647363e+02 1.575987520091722383e+00
1.755203333333314220e+02 1.549533968186346478e+00
1.755619999999980791e+02 1.522331691197783776e+00
1.756036666666647363e+02 1.494566820019485709e+00
1.756453333333314220e+02 1.466428238224483094e+00
1.756869999999980791e+02 1.438104837050758977e+00
1.757286666666647363e+02 1.409782931230362024e+00
1.757703333333314220e+02 1.381643898243142043e+00
1.758119999999980791e+02 1.353862090763571224e+00
1.758536666666647363e+02 1.326603058001656787e+00
1.758953333333314220e+02 1.300022097170282498e+00
1.759369999999980791e+02 1.274263142230928958e+00
1.759786666666647363e+02 1.249457984064012317e+00
1.760203333333314220e+02 1.225725804816829134e+00
1.760619999999980791e+02 1.203172999772127882e+00
1.761036666666647363e+02 1.181893252862250110e+00
1.761453333333314220e+02 1.161967826973871576e+00
1.761869999999980791e+02 1.143466027360839021e+00
1.762286666666647363e+02 1.126445795614765322e+00
1.762703333333314220e+02 1.110954392470676400e+00
1.763119999999980791e+02 1.097029129938178027e+00
1.763536666666647363e+02 1.084698116530598000e+00
1.763953333333314220e+02 1.073980983406808809e+00
1.764369999999980791e+02 1.064889563767599689e+00
1.764786666666647363e+02 1.057428502627259181e+00
1.765203333333314220e+02 1.051595778928984704e+00
1.765619999999980791e+02 1.047383126756131100e+00
1.766036666666647363e+02 1.044776347026575181e+00
1.766453333333314220e+02 1.043755505499843972e+00
1.766869999999980791e+02 1.044295017164993844e+00
1.767286666666647363e+02 1.046363621122643028e+00
1.767703333333314220e+02 1.049924253949782615e+00
1.768119999999980791e+02 1.054933833264952714e+00
1.768536666666647363e+02 1.061342966809869282e+00
1.768953333333314220e+02 1.069095605829229134e+00
1.769369999999980791e+02 1.078128664836964123e+00
1.769786666666647363e+02 1.088371632947090495e+00
1.770203333333314220e+02 1.099746204729999066e+00
1.770619999999980791e+02 1.112165960905781237e+00
1.771036666666647363e+02 1.125536130948917579e+00
1.771453333333314220e+02 1.139753470670401558e+00
1.771869999999980791e+02 1.154706287867750758e+00
1.772286666666647363e+02 1.170274647988670980e+00
1.772703333333314220e+02 1.186330789255045204e+00
1.773119999999980791e+02 1.202739772687889008e+00
1.773536666666647363e+02 1.219360386864586143e+00
1.773953333333314220e+02 1.236046320005936394e+00
1.774369999999980791e+02 1.252647603211053839e+00
1.774786666666647363e+02 1.269012318520070792e+00
1.775203333333314220e+02 1.284988554300350749e+00
1.775619999999980791e+02 1.300426578654616527e+00
1.776036666666647363e+02 1.315181189684990093e+00
1.776453333333314220e+02 1.329114190149739638e+00
1.776869999999980791e+02 1.342096924013072012e+00
1.777286666666647363e+02 1.354012804313461160e+00
1.777703333333314220e+02 1.364759756323287831e+00
1.778119999999980791e+02 1.374252497704311127e+00
1.778536666666647363e+02 1.382424578683821625e+00
1.778953333333314220e+02 1.389230110388096850e+00
1.779369999999980791e+02 1.394645118333871503e+00
1.779786666666647363e+02 1.398668470398042762e+00
1.780203333333314220e+02 1.401322343808510285e+00
1.780619999999980791e+02 1.402652213046514662e+00
1.781036666666647363e+02 1.402726359064323969e+00
1.781453333333314220e+02 1.401634918833688292e+00
1.781869999999980791e+02 1.399488511850863315e+00
1.782286666666647363e+02 1.396416495788552758e+00
1.782703333333314220e+02 1.392564916094502614e+00
1.783119999999980791e+02 1.388094223285109008e+00
1.783536666666647363e+02 1.383176836518326125e+00
1.783953333333314220e+02 1.377994632580446188e+00
1.784369999999980791e+02 1.372736435791856557e+00
1.784786666666647363e+02 1.367595576888129827e+00
1.785203333333314220e+02 1.362767578235397181e+00
1.785619999999980791e+02 1.358448009512825072e+00
1.786036666666647363e+02 1.354830543045743241e+00
1.786453333333314220e+02 1.352105222124737161e+00
1.786869999999980791e+02 1.350456939684519853e+00
1.787286666666647363e+02 1.350064109346086338e+00
1.787703333333314220e+02 1.351097496640760509e+00
1.788119999999980791e+02 1.353719165712049310e+00
1.788536666666647363e+02 1.358081486298601481e+00
1.788953333333314220e+02 1.364326137621923785e+00
1.789369999999980791e+02 1.372583040169686575e+00
1.789786666666647363e+02 1.382969143505519805e+00
1.790203333333314220e+02 1.395586998409742208e+00
1.790619999999980791e+02 1.410523045193820435e+00
1.791036666666647363e+02 1.427845557361153483e+00
1.791453333333314220e+02 1.447602191433576158e+00
1.791869999999980791e+02 1.469817110334440402e+00
1.792286666666647363e+02 1.494487669847003541e+00
1.792703333333314220e+02 1.521580685923001663e+00
1.793119999999980791e+02 1.551028335379440293e+00
1.793536666666647363e+02 1.582723783810236151e+00
1.793953333333314220e+02 1.616516681805812317e+00
1.794369999999980791e+02 1.652208722494605597e+00
1.794786666666647363e+02 1.689549507672373885e+00
1.795203333333314220e+02 1.728233022890547810e+00
1.795619999999980791e+02 1.767895069119124196e+00
1.796036666666647363e+02 1.808112034108375399e+00
1.796453333333314220e+02 1.848401403578384228e+00
1.796869999999980791e+02 1.888224403730383916e+00
1.797286666666647363e+02 1.926991125552519835e+00
1.797703333333314220e+02 1.964068402654423506e+00
1.798119999999980791e+02 1.998790595144783078e+00
1.798536666666647363e+02 2.030473273343057716e+00
1.798953333333314220e+02 2.058429602594318730e+00
1.799369999999980791e+02 2.081989015139281918e+00
1.799786666666647363e+02 2.100517533080598742e+00
1.800203333333314220e+02 2.113438898477013606e+00
1.800619999999980791e+02 2.120255495469618001e+00
1.801036666666647363e+02 2.120567937955880833e+00
1.801453333333314220e+02 2.114092164302383114e+00
1.801869999999980791e+02 2.100672941116562331e+00
1.802286666666647363e+02 2.080292835223658265e+00
1.802703333333314220e+02 2.053075959927127325e+00
1.803119999999980791e+02 2.019286120529428352e+00
1.803536666666647363e+02 1.979319347535737350e+00
1.803953333333314220e+02 1.933691180007420574e+00
1.804369999999980791e+02 1.883019409925271281e+00
1.804786666666647363e+02 1.828003287343671346e+00
1.805203333333314220e+02 1.769400388629940757e+00
1.805619999999980791e+02 1.708002449532839417e+00
1.806036666666647363e+02 1.644611456672423921e+00
1.806453333333314220e+02 1.580017182818772348e+00
1.806869999999980791e+02 1.514977160869179773e+00
1.807286666666647363e+02 1.450199843787177034e+00
1.807703333333314220e+02 1.386331421380086359e+00
1.808119999999980791e+02 1.323946487647666981e+00
1.808536666666647363e+02 1.263542498798849278e+00
1.808953333333314220e+02 1.205537750140431630e+00
1.809369999999980791e+02 1.150272440971170429e+00
1.809786666666647363e+02 1.098012294322517235e+00
1.810203333333314220e+02 1.048954150598845780e+00
1.810619999999980791e+02 1.003232953915559333e+00
1.811036666666647363e+02 9.609295873026251211e-01
1.811453333333314220e+02 9.220790768030088236e-01
1.811869999999980791e+02 8.866787639264703813e-01
1.812286666666647363e+02 8.546961312776376607e-01
1.812703333333314220e+02 8.260760497110001266e-01
1.813119999999980791e+02 8.007472914733351210e-01
1.813536666666647363e+02 7.786282189619802008e-01
1.813953333333314220e+02 7.596316112732474091e-01
1.814369999999980791e+02 7.436686304103936607e-01
1.814786666666647363e+02 7.306519567003619819e-01
1.815203333333314220e+02 7.204981401434688015e-01
1.815619999999980791e+02 7.131292229698136254e-01
1.816036666666647363e+02 7.084736906032571557e-01
1.816453333333314220e+02 7.064668055005360880e-01
1.816869999999980791e+02 7.070503727579899866e-01
1.817286666666647363e+02 7.101719795924125167e-01
1.817703333333314220e+02 7.157837442309932241e-01
1.818119999999980791e+02 7.238406046172480846e-01
1.818536666666647363e+02 7.342981746994865500e-01
1.818953333333314220e+02 7.471101967818349898e-01
1.819369999999980791e+02 7.622256231676804994e-01
1.819786666666647363e+02 7.795853695852817955e-01
1.820203333333314220e+02 7.991187968723990620e-01
1.820619999999980791e+02 8.207399960118730853e-01
1.821036666666647363e+02 8.443439743540421816e-01
1.821453333333314220e+02 8.698028667610698816e-01
1.821869999999980791e+02 8.969623229429465328e-01
1.822286666666647363e+02 9.256382493242324427e-01
1.822703333333314220e+02 9.556141077128889050e-01
1.823119999999980791e+02 9.866389906897821138e-01
1.823536666666647363e+02 1.018426701540665613e+00
1.823953333333314220e+02 1.050656061230089922e+00
1.824369999999980791e+02 1.082972643229343612e+00
1.824786666666647363e+02 1.114992096612707817e+00
1.825203333333314220e+02 1.146305157654112561e+00
1.825619999999980791e+02 1.176484370854728123e+00
1.826036666666647363e+02 1.205092444654829009e+00
1.826453333333314220e+02 1.231692060038991343e+00
1.826869999999980791e+02 1.255856839009598769e+00
1.827286666666647363e+02 1.277183073434821070e+00
1.827703333333314220e+02 1.295301723084552048e+00
1.828119999999980791e+02 1.309890124826836422e+00
1.828536666666647363e+02 1.320682821913061078e+00
1.828953333333314220e+02 1.327480929638651164e+00
1.829369999999980791e+02 1.330159504606641452e+00
1.829786666666647363e+02 1.328672478349686381e+00
1.830203333333314220e+02 1.323054846743241031e+00
1.830619999999980791e+02 1.313421964892628857e+00
1.831036666666647363e+02 1.299965970165409157e+00
1.831453333333314220e+02 1.282949529047803017e+00
1.831869999999980791e+02 1.262697261590218556e+00
1.832286666666647363e+02 1.239585326950993327e+00
1.832703333333314220e+02 1.214029744583515757e+00
1.833119999999980791e+02 1.186474071748817583e+00
1.833536666666647363e+02 1.157377057797790432e+00
1.833953333333314220e+02 1.127200852204625292e+00
1.834369999999980791e+02 1.096400263735150871e+00
1.834786666666647363e+02 1.065413462315748072e+00
1.835203333333314220e+02 1.034654394488381035e+00
1.835619999999980791e+02 1.004507059200953289e+00
1.836036666666647363e+02 9.753216733060855459e-01
1.836453333333314220e+02 9.474126536382886377e-01
1.836869999999980791e+02 9.210582603816418468e-01
1.837286666666647363e+02 8.965016873425611932e-01
1.837703333333314220e+02 8.739533488609904088e-01
1.838119999999980791e+02 8.535940984975725065e-01
1.838536666666647363e+02 8.355791179041850425e-01
1.838953333333314220e+02 8.200422311507331585e-01
1.839369999999980791e+02 8.071004256997305060e-01
1.839786666666647363e+02 7.968583918618322715e-01
1.840203333333314220e+02 7.894129241422480625e-01
1.840619999999980791e+02 7.848570573578481646e-01
1.841036666666647363e+02 7.832838355562883326e-01
1.841453333333314220e+02 7.847896312053992407e-01
1.841869999999980791e+02 7.894769452021636047e-01
1.842286666666647363e+02 7.974566249957607544e-01
1.842703333333314220e+02 8.088494391175075071e-01
1.843119999999980791e+02 8.237869427449143744e-01
1.843536666666647363e+02 8.424115621206249571e-01
1.843953333333314220e+02 8.648758176314118584e-01
1.844369999999980791e+02 8.913405984463955711e-01
1.844786666666647363e+02 9.219723984951871953e-01
1.845203333333314220e+02 9.569394272092764941e-01
1.845619999999980791e+02 9.964065220109192822e-01
1.846036666666647363e+02 1.040528816138810209e+00
1.846453333333314220e+02 1.089444157842645922e+00
1.846869999999980791e+02 1.143264337288540711e+00
1.847286666666647363e+02 1.202065256434843299e+00
1.847703333333314220e+02 1.265876273519317197e+00
1.848119999999980791e+02 1.334669064058623178e+00
1.848536666666647363e+02 1.408346457906023863e+00
1.848953333333314220e+02 1.486731827371221559e+00
1.849369999999980791e+02 1.569559702259039735e+00
1.849786666666647363e+02 1.656468359403580504e+00
1.850203333333314220e+02 1.746995161608184244e+00
1.850619999999980791e+02 1.840575389766353265e+00
1.851036666666647363e+02 1.936545211742173311e+00
1.851453333333314220e+02 2.034149257613518724e+00
1.851869999999980791e+02 2.132553026386156070e+00
1.852286666666647363e+02 2.230860046738947222e+00
1.852703333333314220e+02 2.328133375526784565e+00
1.853119999999980791e+02 2.423420672247709629e+00
1.853536666666647363e+02 2.515781769963136405e+00
1.853953333333314220e+02 2.604317408425585789e+00
1.854369999999980791e+02 2.688197634490938626e+00
1.854786666666647363e+02 2.766688330524364581e+00
1.855203333333314220e+02 2.839174413257667950e+00
1.855619999999980791e+02 2.905178448811915004e+00
1.856036666666647363e+02 2.964373735567690016e+00
1.856453333333314220e+02 3.016591284648529658e+00
1.856869999999980791e+02 3.061820539774000149e+00
1.857286666666647363e+02 3.100204083501601371e+00
1.857703333333314220e+02 3.132026937714765591e+00
1.858119999999980791e+02 3.157701352444529430e+00
1.858536666666647363e+02 3.177748169186407345e+00
1.858953333333314220e+02 3.192775935222381456e+00
1.859369999999980791e+02 3.203458937985586452e+00
1.859786666666647363e+02 3.210515236613225909e+00
1.860203333333314220e+02 3.214685611459763503e+00
1.860619999999980791e+02 3.216714154640752721e+00
1.861036666666647363e+02 3.217331008869063425e+00
1.861453333333314220e+02 3.217237548687609028e+00
1.861869999999980791e+02 3.217094104278324540e+00
1.862286666666647363e+02 3.217510164921416838e+00
1.862703333333314220e+02 3.219036873437467694e+00
1.863119999999980791e+02 3.222161536625907985e+00
1.863536666666647363e+02 3.227303828300538857e+00
1.863953333333314220e+02 3.234813346983849591e+00
1.864369999999980791e+02 3.244968204130967759e+00
1.864786666666647363e+02 3.257974354758531810e+00
1.865203333333314220e+02 3.273965434418347531e+00
1.865619999999980791e+02 3.293002928876567204e+00
1.866036666666647363e+02 3.315076570559234881e+00
1.866453333333314220e+02 3.340104924389990071e+00
1.866869999999980791e+02 3.367936191245721744e+00
1.867286666666647363e+02 3.398349316519816199e+00
1.867703333333314220e+02 3.431055541168797518e+00
1.868119999999980791e+02 3.465700570341274656e+00
1.868536666666647363e+02 3.501867557701596301e+00
1.868953333333314220e+02 3.539081109652379542e+00
1.869369999999980791e+02 3.576812501118630028e+00
1.869786666666647363e+02 3.614486262420187224e+00
1.870203333333314220e+02 3.651488245095938723e+00
1.870619999999980791e+02 3.687175204737148881e+00
1.871036666666647363e+02 3.720885853834022594e+00
1.871453333333314220e+02 3.751953241847768350e+00
1.871869999999980791e+02 3.779718219226317899e+00
1.872286666666647363e+02 3.803543644148238645e+00
1.872703333333314220e+02 3.822828903410698143e+00
1.873119999999980791e+02 3.837024250122624380e+00
1.873536666666647363e+02 3.845644418017677424e+00
1.873953333333314220e+02 3.848280960968197828e+00
1.874369999999980791e+02 3.844612790034353189e+00
1.874786666666647363e+02 3.834414439607036318e+00
1.875203333333314220e+02 3.817561686247672892e+00
1.875619999999980791e+02 3.794034262999613549e+00
1.876036666666647363e+02 3.763915549969939711e+00
1.876453333333314220e+02 3.727389268783822818e+00
1.876869999999980791e+02 3.684733353219650009e+00
1.877286666666647363e+02 3.636311300367898625e+00
1.877703333333314220e+02 3.582561416787829245e+00
1.878119999999980791e+02 3.523984455341138133e+00
1.878536666666647363e+02 3.461130186422712196e+00
1.878953333333314220e+02 3.394583460974670786e+00
1.879369999999980791e+02 3.324950303643734006e+00
1.879786666666647363e+02 3.252844526905487754e+00
1.880203333333314220e+02 3.178875286956012847e+00
1.880619999999980791e+02 3.103635916761128932e+00
1.881036666666647363e+02 3.027694278277488493e+00
1.881453333333314220e+02 2.951584781532043955e+00
1.881869999999980791e+02 2.875802129040600619e+00
1.882286666666647363e+02 2.800796764715270726e+00
1.882703333333314220e+02 2.726971940220778823e+00
1.883119999999980791e+02 2.654682260442947861e+00
1.883536666666647363e+02 2.584233533742815947e+00
1.883953333333314220e+02 2.515883731261912004e+00
1.884369999999980791e+02 2.449844851166290916e+00
1.884786666666647363e+02 2.386285486273710177e+00
1.885203333333314220e+02 2.325333904650610073e+00
1.885619999999980791e+02 2.267081470102442431e+00
1.886036666666647363e+02 2.211586250789602026e+00
1.886453333333314220e+02 2.158876687516525728e+00
1.886869999999980791e+02 2.108955216947055789e+00
1.887286666666647363e+02 2.061801767840811817e+00
1.887703333333314220e+02 2.017377069489005859e+00
1.888119999999980791e+02 1.975625730269376712e+00
1.888536666666647363e+02 1.936479060338583746e+00
1.888953333333314220e+02 1.899857625848250908e+00
1.889369999999980791e+02 1.865673532780804722e+00
1.889786666666647363e+02 1.833832446749980916e+00
1.890203333333314220e+02 1.804235361157754625e+00
1.890619999999980791e+02 1.776780130245809497e+00
1.891036666666647363e+02 1.751362786135402194e+00
1.891453333333314220e+02 1.727878660218379991e+00
1.891869999999980791e+02 1.706223329519639398e+00
1.892286666666647363e+02 1.686293408150860040e+00
1.892703333333314220e+02 1.667987202930728996e+00
1.893119999999980791e+02 1.651205250840831473e+00
1.893536666666647363e+02 1.635850754366961368e+00
1.893953333333314220e+02 1.621829929062334363e+00
1.894369999999980791e+02 1.609052275950865196e+00
1.894786666666647363e+02 1.597430789735027057e+00
1.895203333333314220e+02 1.586882112229462738e+00
1.895619999999980791e+02 1.577326639039485334e+00
1.896036666666647363e+02 1.568688586259636031e+00
1.896453333333314220e+02 1.560896022888512258e+00
1.896869999999980791e+02 1.553880873738581414e+00
1.897286666666647363e+02 1.547578896856641295e+00
1.897703333333314220e+02 1.541929638848434259e+00
1.898119999999980791e+02 1.536876371004457065e+00
1.898536666666647363e+02 1.532366008735869034e+00
1.898953333333314220e+02 1.528349016532400739e+00
1.899369999999980791e+02 1.524779300430314066e+00
1.899786666666647363e+02 1.521614089812234116e+00
1.900203333333314220e+02 1.518813810236715023e+00
1.900619999999980791e+02 1.516341948900845837e+00
1.901036666666647363e+02 1.514164914262923878e+00
1.901453333333314220e+02 1.512251891285419259e+00
1.901869999999980791e+02 1.510574693693744752e+00
1.902286666666647363e+02 1.509107614578970358e+00
1.902703333333314220e+02 1.507827276599104760e+00
1.903119999999980791e+02 1.506712482951947818e+00
1.903536666666647363e+02 1.505744070202440943e+00
1.903953333333314220e+02 1.504904763949211022e+00
1.904369999999980791e+02 1.504179038209886077e+00
1.904786666666647363e+02 1.503552979294534575e+00
1.905203333333314220e+02 1.503014154823381521e+00
1.905619999999980791e+02 1.502551488430913018e+00
1.906036666666647363e+02 1.502155140585923476e+00
1.906453333333314220e+02 1.501816395848004859e+00
1.906869999999980791e+02 1.501527556777296102e+00
1.907286666666647363e+02 1.501281844617547989e+00
1.907703333333314220e+02 1.501073306783994310e+00
1.908119999999980791e+02 1.500896731107974835e+00
1.908536666666647363e+02 1.500747566720376236e+00
1.908953333333314220e+02 1.500621851395957718e+00
1.909369999999980791e+02 1.500516145130473156e+00
1.909786666666647363e+02 1.500427469681976156e+00
1.910203333333314220e+02 1.500353253776287810e+00
1.910619999999980791e+02 1.500291283653723884e+00
1.911036666666647363e+02 1.500239658619087146e+00
1.911453333333314220e+02 1.500196751248811244e+00
1.911869999999980791e+02 1.500161171907137936e+00
1.912286666666647363e+02 1.500131737226493289e+00
1.912703333333314220e+02 1.500107442214901665e+00
1.913119999999980791e+02 1.500087435664570146e+00
1.913536666666647363e+02 1.500070998549911883e+00
1.913953333333314220e+02 1.500057525119556256e+00
1.914369999999980791e+02 1.500046506404684177e+00
1.914786666666647363e+02 1.500037515884797168e+00
1.915203333333314220e+02 1.500030197071251958e+00
1.915619999999980791e+02 1.500024252788215495e+00
1.916036666666647363e+02 1.500019435949728530e+00
1.916453333333314220e+02 1.500015541650081552e+00
1.916869999999980791e+02 1.500012400402445545e+00
1.917286666666647363e+02 1.500009872377557230e+00
1.917703333333314220e+02 1.500007842510057587e+00
1.918119999999980791e+02 1.500006216354816457e+00
1.918536666666647363e+02 1.500004916589155579e+00
1.918953333333314220e+02 1.500003880069332940e+00
1.919369999999980791e+02 1.500003055360970450e+00
1.919786666666647363e+02 1.500002400673341896e+00
1.920203333333314220e+02 1.500001882136620335e+00
1.920619999999980791e+02 1.500001472369386635e+00
1.921036666666647363e+02 1.500001149290984381e+00
1.921453333333314220e+02 1.500000895139729673e+00
1.921869999999980791e+02 1.500000695663638917e+00
1.922286666666647363e+02 1.500000539455266013e+00
1.922703333333314220e+02 1.500000417406544884e+00
1.923119999999980791e+02 1.500000322263247199e+00
1.923536666666647363e+02 1.500000248261875058e+00
1.923953333333314220e+02 1.500000190834561486e+00
1.924369999999980791e+02 1.500000146369907528e+00
1.924786666666647363e+02 1.500000112019686194e+00
1.925203333333314220e+02 1.500000085543045314e+00
1.925619999999980791e+02 1.500000065181279707e+00
1.926036666666647363e+02 1.500000049557443260e+00
1.926453333333314220e+02 1.500000037596096236e+00
1.926869999999980791e+02 1.500000028459317125e+00
1.927286666666647363e+02 1.500000021495822899e+00
1.927703333333314220e+02 1.500000016200617514e+00
1.928119999999980791e+02 1.500000012183076104e+00
1.928536666666647363e+02 1.500000009141769564e+00
1.928953333333314220e+02 1.500000006844653955e+00
1.929369999999980791e+02 1.500000005113528267e+00
1.929786666666647363e+02 1.500000003811867266e+00
1.930203333333314220e+02 1.500000002835324864e+00
1.930619999999980791e+02 1.500000002104339814e+00
1.931036666666647363e+02 1.500000001558392526e+00
1.931453333333314220e+02 1.500000001151557960e+00
1.931869999999980791e+02 1.500000000849068593e+00
1.932286666666647363e+02 1.500000000624665875e+00
1.932703333333314220e+02 1.500000000458564742e+00
1.933119999999980791e+02 1.500000000335893535e+00
1.933536666666647363e+02 1.500000000245499621e+00
1.933953333333314220e+02 1.500000000179039006e+00
1.934369999999980791e+02 1.500000000130284450e+00
1.934786666666647363e+02 1.500000000094598773e+00
1.935203333333314220e+02 1.500000000068537176e+00
1.935619999999980791e+02 1.500000000049546811e+00
1.936036666666647363e+02 1.500000000035739856e+00
1.936453333333314220e+02 1.500000000025724090e+00
1.936869999999980791e+02 1.500000000018474555e+00
1.937286666666647363e+02 1.500000000013238965e+00
1.937703333333314220e+02 1.500000000009466428e+00
1.938119999999980791e+02 1.500000000006753931e+00
1.938536666666647363e+02 1.500000000004808154e+00
1.938953333333314220e+02 1.500000000003415490e+00
1.939369999999980791e+02 1.500000000002420952e+00
1.939786666666647363e+02 1.500000000001712186e+00
1.940203333333314220e+02 1.500000000001208367e+00
1.940619999999980791e+02 1.500000000000850875e+00
1.941036666666647363e+02 1.500000000000597744e+00
1.941453333333314220e+02 1.500000000000418998e+00
1.941869999999980791e+02 1.500000000000293099e+00
1.942286666666647363e+02 1.500000000000204725e+00
1.942703333333314220e+02 1.500000000000142553e+00
1.943119999999980791e+02 1.500000000000099032e+00
1.943536666666647363e+02 1.500000000000068612e+00
1.943953333333314220e+02 1.500000000000047518e+00
1.944369999999980791e+02 1.500000000000032863e+00
1.944786666666647363e+02 1.500000000000022649e+00
1.945203333333314220e+02 1.500000000000015543e+00
1.945619999999980791e+02 1.500000000000010658e+00
1.946036666666647363e+02 1.500000000000007327e+00
1.946453333333314220e+02 1.500000000000005107e+00
1.946869999999980791e+02 1.500000000000003331e+00
1.947286666666647363e+02 1.500000000000002442e+00
1.947703333333314220e+02 1.500000000000001554e+00
1.948119999999980791e+02 1.500000000000001110e+00
1.948536666666647363e+02 1.500000000000000666e+00
1.948953333333314220e+02 1.500000000000000444e+00
1.949369999999980791e+02 1.500000000000000444e+00
1.949786666666647363e+02 1.500000000000000222e+00
1.950203333333314220e+02 1.500000000000000222e+00
1.950619999999980791e+02 1.500000000000000000e+00
1.951036666666647363e+02 1.500000000000000000e+00
1.951453333333314220e+02 1.500000000000000000e+00
1.951869999999980791e+02 1.500000000000000000e+00
1.952286666666647363e+02 1.500000000000000000e+00
1.952703333333314220e+02 1.500000000000000000e+00
1.953119999999980791e+02 1.500000000000000000e+00
1.953536666666647363e+02 1.500000000000000000e+00
1.953953333333314220e+02 1.500000000000000000e+00
1.954369999999980791e+02 1.500000000000000000e+00
1.954786666666647363e+02 1.500000000000000000e+00
1.955203333333314220e+02 1.500000000000000000e+00
1.955619999999980791e+02 1.500000000000000000e+00
1.956036666666647363e+02 1.500000000000000000e+00
1.956453333333314220e+02 1.500000000000000000e+00
1.956869999999980791e+02 1.500000000000000000e+00
1.957286666666647363e+02 1.500000000000000000e+00
1.957703333333314220e+02 1.500000000000000000e+00
1.958119999999980791e+02 1.500000000000000000e+00
1.958536666666647363e+02 1.500000000000000000e+00
1.958953333333314220e+02 1.499999999999999778e+00
1.959369999999980791e+02 1.499999999999999778e+00
1.959786666666647363e+02 1.499999999999999556e+00
1.960203333333314220e+02 1.499999999999999334e+00
1.960619999999980791e+02 1.499999999999999112e+00
1.961036666666647363e+02 1.499999999999998668e+00
1.961453333333314220e+02 1.499999999999998224e+00
1.961869999999980791e+02 1.499999999999997335e+00
1.962286666666647363e+02 1.499999999999996003e+00
1.962703333333314220e+02 1.499999999999994449e+00
1.963119999999980791e+02 1.499999999999991784e+00
1.963536666666647363e+02 1.499999999999988010e+00
1.963953333333314220e+02 1.499999999999982903e+00
1.964369999999980791e+02 1.499999999999975353e+00
1.964786666666647363e+02 1.499999999999964695e+00
1.965203333333314220e+02 1.499999999999949374e+00
1.965619999999980791e+02 1.499999999999927613e+00
1.966036666666647363e+02 1.499999999999896749e+00
1.966453333333314220e+02 1.499999999999853229e+00
1.966869999999980791e+02 1.499999999999791722e+00
1.967286666666647363e+02 1.499999999999704903e+00
1.967703333333314220e+02 1.499999999999583000e+00
1.968119999999980791e+02 1.499999999999412026e+00
1.968536666666647363e+02 1.499999999999172662e+00
1.968953333333314220e+02 1.499999999998838263e+00
1.969369999999980791e+02 1.499999999998372413e+00
1.969786666666647363e+02 1.499999999997724931e+00
1.970203333333314220e+02 1.499999999996826539e+00
1.970619999999980791e+02 1.499999999995583089e+00
1.971036666666647363e+02 1.499999999993866018e+00
1.971453333333314220e+02 1.499999999991499910e+00
1.971869999999980791e+02 1.499999999988247179e+00
1.972286666666647363e+02 1.499999999983784971e+00
1.972703333333314220e+02 1.499999999977677856e+00
1.973119999999980791e+02 1.499999999969337861e+00
1.973536666666647363e+02 1.499999999957974062e+00
1.973953333333314220e+02 1.499999999942525086e+00
1.974369999999980791e+02 1.499999999921568516e+00
1.974786666666647363e+02 1.499999999893205427e+00
1.975203333333314220e+02 1.499999999854903843e+00
1.975619999999980791e+02 1.499999999803297124e+00
1.976036666666647363e+02 1.499999999733918843e+00
1.976453333333314220e+02 1.499999999640858617e+00
1.976869999999980791e+02 1.499999999516312688e+00
1.977286666666647363e+02 1.499999999350001501e+00
1.977703333333314220e+02 1.499999999128418304e+00
1.978119999999980791e+02 1.499999998833856818e+00
1.978536666666647363e+02 1.499999998443160454e+00
1.978953333333314220e+02 1.499999997926118711e+00
1.979369999999980791e+02 1.499999997243410821e+00
1.979786666666647363e+02 1.499999996343981623e+00
1.980203333333314220e+02 1.499999995161700239e+00
1.980619999999980791e+02 1.499999993611111471e+00
1.981036666666647363e+02 1.499999991582057213e+00
1.981453333333314220e+02 1.499999988932876782e+00
1.981869999999980791e+02 1.499999985481837994e+00
1.982286666666647363e+02 1.499999980996366444e+00
1.982703333333314220e+02 1.499999975179542533e+00
1.983119999999980791e+02 1.499999967653221633e+00
1.983536666666647363e+02 1.499999957936984485e+00
1.983953333333314220e+02 1.499999945421965464e+00
1.984369999999980791e+02 1.499999929338394766e+00
1.984786666666647363e+02 1.499999908715461849e+00
1.985203333333314220e+02 1.499999882331812362e+00
1.985619999999980791e+02 1.499999848654670842e+00
1.986036666666647363e+02 1.499999805765176220e+00
1.986453333333314220e+02 1.499999751267070192e+00
1.986869999999980791e+02 1.499999682175341409e+00
1.987286666666647363e+02 1.499999594780808021e+00
1.987703333333314220e+02 1.499999484485915024e+00
1.988119999999980791e+02 1.499999345606200407e+00
1.988536666666647363e+02 1.499999171130947051e+00
1.988953333333314220e+02 1.499998952435478872e+00
1.989369999999980791e+02 1.499998678936351082e+00
1.989786666666647363e+02 1.499998337679328442e+00
1.990203333333314220e+02 1.499997912848533455e+00
1.990619999999980791e+02 1.499997385183456711e+00
1.991036666666647363e+02 1.499996731288652185e+00
1.991453333333314220e+02 1.499995922818901706e+00
1.991869999999980791e+02 1.499994925520390154e+00
1.992286666666647363e+02 1.499993698106030227e+00
1.992703333333314220e+02 1.499992190940474535e+00
1.993119999999980791e+02 1.499990344507620366e+00
1.993536666666647363e+02 1.499988087630511391e+00
1.993953333333314220e+02 1.499985335410556120e+00
1.994369999999980791e+02 1.499981986849913351e+00
1.994786666666647363e+02 1.499977922117817997e+00
1.995203333333314220e+02 1.499972999418584640e+00
1.995619999999980791e+02 1.499967051416120523e+00
1.996036666666647363e+02 1.499959881167087117e+00
1.996453333333314220e+02 1.499951257512497138e+00
1.996869999999980791e+02 1.499940909875621786e+00
1.997286666666647363e+02 1.499928522412786513e+00
1.997703333333314220e+02 1.499913727463097368e+00
1.998119999999980791e+02 1.499896098243545195e+00
1.998536666666647363e+02 1.499875140737491286e+00
1.998953333333314220e+02 1.499850284727448635e+00
1.999369999999980791e+02 1.499820873927567577e+00
1.999786666666647363e+02 1.499786155177552427e+00
2.000203333333314220e+02 1.499745266668125465e+00
2.000619999999980791e+02 1.499697225178840743e+00
2.001036666666647363e+02 1.499640912322307118e+00
2.001453333333314220e+02 1.499575059804896471e+00
2.001869999999980791e+02 1.499498233733032260e+00
2.002286666666647363e+02 1.499408818016319422e+00
2.002703333333314220e+02 1.499304996944253565e+00
2.003119999999980791e+02 1.499184737042090321e+00
2.003536666666647363e+02 1.499045768343696405e+00
2.003953333333314220e+02 1.498885565254769237e+00
2.004369999999980791e+02 1.498701327218532553e+00
2.004786666666647363e+02 1.498489959437635521e+00
2.005203333333314220e+02 1.498248053950080871e+00
2.005619999999980791e+02 1.497971871403068755e+00
2.006036666666647363e+02 1.497657323915946304e+00
2.006453333333314220e+02 1.497299959471190878e+00
2.006869999999980791e+02 1.496894948319436036e+00
2.007286666666647363e+02 1.496437071929821894e+00
2.007703333333314220e+02 1.495920715059019024e+00
2.008119999999980791e+02 1.495339861549558780e+00
2.008536666666647363e+02 1.494688094498930697e+00
2.008953333333314220e+02 1.493958601463401648e+00
2.009369999999980791e+02 1.493144185372731858e+00
2.009786666666647363e+02 1.492237281831867657e+00
2.010203333333314220e+02 1.491229983471309417e+00
2.010619999999980791e+02 1.490114071977093557e+00
2.011036666666647363e+02 1.488881058382462097e+00
2.011453333333314220e+02 1.487522232134614875e+00
2.011869999999980791e+02 1.486028719360131811e+00
2.012286666666647363e+02 1.484391550640806523e+00
2.012703333333314220e+02 1.482601738477445474e+00
2.013119999999980791e+02 1.480650364462793300e+00
2.013536666666647363e+02 1.478528676007214937e+00
2.013953333333314220e+02 1.476228192264010808e+00
2.014369999999980791e+02 1.473740818687771181e+00
2.014786666666647363e+02 1.471058969432926578e+00
2.015203333333314220e+02 1.468175696565140687e+00
2.015619999999980791e+02 1.465084824821014431e+00
2.016036666666647363e+02 1.461781090418110995e+00
2.016453333333314220e+02 1.458260282194955293e+00
2.016869999999980791e+02 1.454519383156743784e+00
2.017286666666647363e+02 1.450556710325334064e+00
2.017703333333314220e+02 1.446372050649457286e+00
2.018119999999980791e+02 1.441966790630779816e+00
2.018536666666647363e+02 1.437344037270226194e+00
2.018953333333314220e+02 1.432508727943089255e+00
2.019369999999980791e+02 1.427467726874797505e+00
2.019786666666647363e+02 1.422229906014985001e+00
2.020203333333314220e+02 1.416806208295975811e+00
2.020619999999980791e+02 1.411209691511316811e+00
2.021036666666647363e+02 1.405455551356319166e+00
2.021453333333314220e+02 1.399561122529616286e+00
2.021869999999980791e+02 1.393545857193017934e+00
2.022286666666647363e+02 1.387431280516024268e+00
2.022703333333314220e+02 1.381240923478743277e+00
2.023119999999980791e+02 1.375000233558238749e+00
2.023536666666647363e+02 1.368736464364839200e+00
2.023953333333314220e+02 1.362478545711645728e+00
2.024369999999980791e+02 1.356256935978651379e+00
2.024786666666647363e+02 1.350103458959673430e+00
2.025203333333314220e+02 1.344051127645318200e+00
2.025619999999980791e+02 1.338133957589048073e+00
2.026036666666647363e+02 1.332386772620858251e+00
2.026453333333314220e+02 1.326845005710636460e+00
2.026869999999980791e+02 1.321544497741037327e+00
2.027286666666647363e+02 1.316521296830366561e+00
2.027703333333314220e+02 1.311811460655417871e+00
2.028119999999980791e+02 1.307450863969747745e+00
2.028536666666647363e+02 1.303475013205078525e+00
2.028953333333314220e+02 1.299918869693226453e+00
2.029369999999980791e+02 1.296816682665508091e+00
2.029786666666647363e+02 1.294201832788506312e+00
2.030203333333314220e+02 1.292106686592040532e+00
2.030619999999980791e+02 1.290562461748564260e+00
2.031036666666647363e+02 1.289599102784247719e+00
2.031453333333314220e+02 1.289245166450136759e+00
2.031869999999980791e+02 1.289527715665078178e+00
2.032286666666647363e+02 1.290472220667440162e+00
2.032703333333314220e+02 1.292102465785055943e+00
2.033119999999980791e+02 1.294440460056117237e+00
2.033536666666647363e+02 1.297506349810643833e+00
2.033953333333314220e+02 1.301318331254051275e+00
2.034369999999980791e+02 1.305892561082315773e+00
2.034786666666647363e+02 1.311243063202411685e+00
2.035203333333314220e+02 1.317381629732245374e+00
2.035619999999980791e+02 1.324317714611056962e+00
2.036036666666647363e+02 1.332058318364359950e+00
2.036453333333314220e+02 1.340607862836522557e+00
2.036869999999980791e+02 1.349968055029980407e+00
2.037286666666647363e+02 1.360137739572098381e+00
2.037703333333314220e+02 1.371112739769263733e+00
2.038119999999980791e+02 1.382885687702210653e+00
2.038536666666647363e+02 1.395445844365731602e+00
2.038953333333314220e+02 1.408778911456240568e+00
2.039369999999980791e+02 1.422866837058986977e+00
2.039786666666647363e+02 1.437687618175445214e+00
2.040203333333314220e+02 1.453215103750710391e+00
2.040619999999980791e+02 1.469418802599054663e+00
2.041036666666647363e+02 1.486263701364709977e+00
2.041453333333314220e+02 1.503710098374637427e+00
2.041869999999980791e+02 1.521713459915079225e+00
2.042286666666647363e+02 1.540224306065172799e+00
2.042703333333314220e+02 1.559188133714126678e+00
2.043119999999980791e+02 1.578545384739395097e+00
2.043536666666647363e+02 1.598231467491433744e+00
2.043953333333314220e+02 1.618176839678284074e+00
2.044369999999980791e+02 1.638307160432267651e+00
2.044786666666647363e+02 1.658543518738167410e+00
2.045203333333314220e+02 1.678802744478336662e+00
2.045619999999980791e+02 1.698997807089021927e+00
2.046036666666647363e+02 1.719038305214446449e+00
2.046453333333314220e+02 1.738831048800460577e+00
2.046869999999980791e+02 1.758280732812104841e+00
2.047286666666647363e+02 1.777290699233115001e+00
2.047703333333314220e+02 1.795763781271324522e+00
2.048119999999980791e+02 1.813603220836454755e+00
2.048536666666647363e+02 1.830713647472681060e+00
2.048953333333314220e+02 1.847002104132501543e+00
2.049369999999980791e+02 1.862379102593536784e+00
2.049786666666647363e+02 1.876759689073895787e+00
2.050203333333314220e+02 1.890064498818199601e+00
2.050619999999980791e+02 1.902220777221643955e+00
2.051036666666647363e+02 1.913163344528046705e+00
2.051453333333314220e+02 1.922835481352467513e+00
2.051869999999980791e+02 1.931189713279229059e+00
2.052286666666647363e+02 1.938188474575975651e+00
2.052703333333314220e+02 1.943804633608044785e+00
2.053119999999980791e+02 1.948021865762189275e+00
2.053536666666647363e+02 1.950834863482961756e+00
2.053953333333314220e+02 1.952249377247120110e+00
2.054369999999980791e+02 1.952282085785238763e+00
2.054786666666647363e+02 1.950960298423150885e+00
2.055203333333314220e+02 1.948321496872995828e+00
2.055619999999980791e+02 1.944412727973765520e+00
2.056036666666647363e+02 1.939289862599580250e+00
2.056453333333314220e+02 1.933016739081371060e+00
2.056869999999980791e+02 1.925664211916759960e+00
2.057286666666647363e+02 1.917309128204096602e+00
2.057703333333314220e+02 1.908033255099381709e+00
2.058119999999980791e+02 1.897922181668080466e+00
2.058536666666647363e+02 1.887064217832522761e+00
2.058953333333314220e+02 1.875549311776856909e+00
2.059369999999980791e+02 1.863468005265558114e+00
2.059786666666647363e+02 1.850910443978133646e+00
2.060203333333314220e+02 1.837965457289176374e+00
2.060619999999980791e+02 1.824719719059194833e+00
2.061036666666647363e+02 1.811256998071840485e+00
2.061453333333314220e+02 1.797657503871754603e+00
2.061869999999980791e+02 1.783997331020556132e+00
2.062286666666647363e+02 1.770348002277082777e+00
2.062703333333314220e+02 1.756776108981409568e+00
2.063119999999980791e+02 1.743343045018465487e+00
2.063536666666647363e+02 1.730104829178266579e+00
2.063953333333314220e+02 1.717112009517959503e+00
2.064369999999980791e+02 1.704409642454945972e+00
2.064786666666647363e+02 1.692037338757018228e+00
2.065203333333314220e+02 1.680029368314148508e+00
2.065619999999980791e+02 1.668414815538361351e+00
2.066036666666647363e+02 1.657217777404442094e+00
2.066453333333314220e+02 1.646457596473445806e+00
2.066869999999980791e+02 1.636149121694162600e+00
2.067286666666647363e+02 1.626302990318079456e+00
2.067703333333314220e+02 1.616925924859174524e+00
2.068119999999980791e+02 1.608021039651851058e+00
2.068536666666647363e+02 1.599588152186745660e+00
2.068953333333314220e+02 1.591624095015801599e+00
2.069369999999980791e+02 1.584123024601455043e+00
2.069786666666647363e+02 1.577076724030325172e+00
2.070203333333314220e+02 1.570474897014141336e+00
2.070619999999980791e+02 1.564305451055914675e+00
2.071036666666647363e+02 1.558554768068019625e+00
2.071453333333314220e+02 1.553207961092199607e+00
2.071869999999980791e+02 1.548249116091828137e+00
2.072286666666647363e+02 1.543661518068481175e+00
2.072703333333314220e+02 1.539427861001512188e+00
2.073119999999980791e+02 1.535530441325231088e+00
2.073536666666647363e+02 1.531951334847374779e+00
2.073953333333314220e+02 1.528672557178802904e+00
2.074369999999980791e+02 1.525676207890388270e+00
2.074786666666647363e+02 1.522944598742077771e+00
2.075203333333314220e+02 1.520460366442887512e+00
2.075619999999980791e+02 1.518206570500890473e+00
2.076036666666647363e+02 1.516166776810146555e+00
2.076453333333314220e+02 1.514325127697949025e+00
2.076869999999980791e+02 1.512666399220928382e+00
2.077286666666647363e+02 1.511176046553099006e+00
2.077703333333314220e+02 1.509840238352806674e+00
2.078119999999980791e+02 1.508645881028984004e+00
2.078536666666647363e+02 1.507580633850306384e+00
2.078953333333314220e+02 1.506632915854137833e+00
2.079369999999980791e+02 1.505791905515797113e+00
2.079786666666647363e+02 1.505047534133364229e+00
2.080203333333314220e+02 1.504390473869571476e+00
2.080619999999980791e+02 1.503812121371157273e+00
2.081036666666647363e+02 1.503304577858310509e+00
2.081453333333314220e+02 1.502860626543607081e+00
2.081869999999980791e+02 1.502473708202126668e+00
2.082286666666647363e+02 1.502137895673469226e+00
2.082703333333314220e+02 1.501847868033209465e+00
2.083119999999980791e+02 1.501598885126989469e+00
2.083536666666647363e+02 1.501386763115937661e+00
2.083953333333314220e+02 1.501207851638280744e+00
2.084369999999980791e+02 1.501059013149550925e+00
2.084786666666647363e+02 1.500937604963259675e+00
2.085203333333314220e+02 1.500841464475688669e+00
2.085619999999980791e+02 1.500768898022680542e+00
2.086036666666647363e+02 1.500718673783031587e+00
2.086453333333314220e+02 1.500690019112092655e+00
2.086869999999980791e+02 1.500682622660086007e+00
2.087286666666647363e+02 1.500696641601948045e+00
2.087703333333314220e+02 1.500732714278518953e+00
2.088119999999980791e+02 1.500791978521819559e+00
2.088536666666647363e+02 1.500876095909127406e+00
2.088953333333314220e+02 1.500987282160603398e+00
2.089369999999980791e+02 1.501128343862395687e+00
2.089786666666647363e+02 1.501302721660465744e+00
2.090203333333314220e+02 1.501514540028963340e+00
2.090619999999980791e+02 1.501768663670008941e+00
2.091036666666647363e+02 1.502070760548538164e+00
2.091453333333314220e+02 1.502427371505957954e+00
2.091869999999980791e+02 1.502845986329466532e+00
2.092286666666647363e+02 1.503335126080002526e+00
2.092703333333314220e+02 1.503904431401134056e+00
2.093119999999980791e+02 1.504564756444386919e+00
2.093536666666647363e+02 1.505328267954356036e+00
2.093953333333314220e+02 1.506208548960585425e+00
2.094369999999980791e+02 1.507220706424097667e+00
2.094786666666647363e+02 1.508381482086136094e+00
2.095203333333314220e+02 1.509709365666947356e+00
2.095619999999980791e+02 1.511224709465031291e+00
2.096036666666647363e+02 1.512949843313977416e+00
2.096453333333314220e+02 1.514909188766134118e+00
2.096869999999980791e+02 1.517129371291211504e+00
2.097286666666647363e+02 1.519639329203874567e+00
2.097703333333314220e+02 1.522470417967381140e+00
2.098119999999980791e+02 1.525656508459215965e+00
2.098536666666647363e+02 1.529234077727456009e+00
2.098953333333314220e+02 1.533242290709728284e+00
2.099369999999980791e+02 1.537723071325871160e+00
2.099786666666647363e+02 1.542721161284528852e+00
2.100203333333314220e+02 1.548284164855867617e+00
2.100619999999980791e+02 1.554462577749014862e+00
2.101036666666647363e+02 1.561309798084451694e+00
2.101453333333314220e+02 1.568882117257881514e+00
2.101869999999980791e+02 1.577238688243389531e+00
2.102286666666647363e+02 1.586441468569391278e+00
2.102703333333314220e+02 1.596555134811526777e+00
2.103119999999980791e+02 1.607646964975398163e+00
2.103536666666647363e+02 1.619786684582852798e+00
2.103953333333314220e+02 1.633046271627281332e+00
2.104369999999980791e+02 1.647499714829127493e+00
2.104786666666647363e+02 1.663222718811877776e+00
2.105203333333314220e+02 1.680292348946397230e+00
2.105619999999980791e+02 1.698786607704508622e+00
2.106036666666647363e+02 1.718783933455031443e+00
2.106453333333314220e+02 1.740362611775364332e+00
2.106869999999980791e+02 1.763600088599189153e+00
2.107286666666647363e+02 1.788572173951890054e+00
2.107703333333314220e+02 1.815352124728717431e+00
2.108119999999980791e+02 1.844009595055759787e+00
2.108536666666647363e+02 1.874609443359126271e+00
2.108953333333314220e+02 1.907210386490255427e+00
2.109369999999980791e+02 1.941863493259906814e+00
2.109786666666647363e+02 1.978610512671375554e+00
2.110203333333314220e+02 2.017482036159661707e+00
2.110619999999980791e+02 2.058495498376055277e+00
2.111036666666647363e+02 2.101653027611712243e+00
2.111453333333314220e+02 2.146939164892804897e+00
2.111869999999980791e+02 2.194318480108928604e+00
2.112286666666647363e+02 2.243733124167402782e+00
2.112703333333314220e+02 2.295100367911477424e+00
2.113119999999980791e+02 2.348310191080282383e+00
2.113536666666647363e+02 2.403222997457732379e+00
2.113953333333314220e+02 2.459667544927469418e+00
2.114369999999980791e+02 2.517439190643207869e+00
2.114786666666647363e+02 2.576298561000248011e+00
2.115203333333314220e+02 2.635970762508741405e+00
2.115619999999980791e+02 2.696145251904849438e+00
2.116036666666647363e+02 2.756476480783910166e+00
2.116453333333314220e+02 2.816585420684133645e+00
2.116869999999980791e+02 2.876062058094305929e+00
2.117286666666647363e+02 2.934468924821129310e+00
2.117703333333314220e+02 2.991345697507052037e+00
2.118119999999980791e+02 3.046214861357165127e+00
2.118536666666647363e+02 3.098588388460172371e+00
2.118953333333314220e+02 3.147975332265382065e+00
2.119369999999980791e+02 3.193890189229984689e+00
2.119786666666647363e+02 3.235861829308746440e+00
2.120203333333314220e+02 3.273442752112772691e+00
2.120619999999980791e+02 3.306218388613937798e+00
2.121036666666647363e+02 3.333816142449347097e+00
2.121453333333314220e+02 3.355913852938354314e+00
2.121869999999980791e+02 3.372247365849474043e+00
2.122286666666647363e+02 3.382616918698190922e+00
2.122703333333314220e+02 3.386892084681480508e+00
2.123119999999980791e+02 3.385015071754852389e+00
2.123536666666647363e+02 3.377002238120258681e+00
2.123953333333314220e+02 3.362943758780430059e+00
2.124369999999980791e+02 3.343001455356069407e+00
2.124786666666647363e+02 3.317404878222680598e+00
2.125203333333314220e+02 3.286445801425596613e+00
2.125619999999980791e+02 3.250471352453648155e+00
2.126036666666647363e+02 3.209876047295613155e+00
2.126453333333314220e+02 3.165093033854430971e+00
2.126869999999980791e+02 3.116584862578078763e+00
2.127286666666647363e+02 3.064834102173504160e+00
2.127703333333314220e+02 3.010334101768075588e+00
2.128119999999980791e+02 2.953580171103362684e+00
2.128536666666647363e+02 2.895061410237222965e+00
2.128953333333314220e+02 2.835253373132232024e+00
2.129369999999980791e+02 2.774611698859359432e+00
2.129786666666647363e+02 2.713566793195614668e+00
2.130203333333314220e+02 2.652519594992649665e+00
2.130619999999980791e+02 2.591838418114829956e+00
2.131036666666647363e+02 2.531856822634336979e+00
2.131453333333314220e+02 2.472872439297820968e+00
2.131869999999980791e+02 2.415146649402028167e+00
2.132286666666647363e+02 2.358905007956367594e+00
2.132703333333314220e+02 2.304338290774299747e+00
2.133119999999980791e+02 2.251604045016731614e+00
2.133536666666647363e+02 2.200828526637442106e+00
2.133953333333314220e+02 2.152108916004110473e+00
2.134369999999980791e+02 2.105515713554090507e+00
2.134786666666647363e+02 2.061095229655278693e+00
2.135203333333314220e+02 2.018872095963545110e+00
2.135619999999980791e+02 1.978851738747039235e+00
2.136036666666647363e+02 1.941022767295401685e+00
2.136453333333314220e+02 1.905359242224510030e+00
2.136869999999980791e+02 1.871822798937986976e+00
2.137286666666647363e+02 1.840364610565017989e+00
2.137703333333314220e+02 1.810927182304373328e+00
2.138119999999980791e+02 1.783445975295209873e+00
2.138536666666647363e+02 1.757850862990265384e+00
2.138953333333314220e+02 1.734067426652095678e+00
2.139369999999980791e+02 1.712018099170726559e+00
2.139786666666647363e+02 1.691623168071109795e+00
2.140203333333314220e+02 1.672801649494055853e+00
2.140619999999980791e+02 1.655472045243966850e+00
2.141036666666647363e+02 1.639552994836612099e+00
2.141453333333314220e+02 1.624963833973437799e+00
2.141869999999980791e+02 1.611625070118567482e+00
2.142286666666647363e+02 1.599458784951999446e+00
2.142703333333314220e+02 1.588388972490659468e+00
2.143119999999980791e+02 1.578341820665540185e+00
2.143536666666647363e+02 1.569245943165409551e+00
2.143953333333314220e+02 1.561032567437780294e+00
2.144369999999980791e+02 1.553635683899612374e+00
2.144786666666647363e+02 1.546992160667764127e+00
2.145203333333314220e+02 1.541041827480048587e+00
2.145619999999980791e+02 1.535727531941730950e+00
2.146036666666647363e+02 1.530995170796564331e+00
2.146453333333314220e+02 1.526793698577894043e+00
2.146869999999980791e+02 1.523075115734168872e+00
2.147286666666647363e+02 1.519794438132519243e+00
2.147703333333314220e+02 1.516909649711695618e+00
2.148119999999980791e+02 1.514381639968481963e+00
2.148536666666647363e+02 1.512174127908117116e+00
2.148953333333314220e+02 1.510253574057648374e+00
2.149369999999980791e+02 1.508589082121696734e+00
2.149786666666647363e+02 1.507152291844287006e+00
2.150203333333314220e+02 1.505917264621530416e+00
2.150619999999980791e+02 1.504860363382552579e+00
2.151036666666647363e+02 1.503960128216806469e+00
2.151453333333314220e+02 1.503197149172618818e+00
2.151869999999980791e+02 1.502553937583646748e+00
2.152286666666647363e+02 1.502014797197403606e+00
2.152703333333314220e+02 1.501565696284310247e+00
2.153119999999980791e+02 1.501194141798875226e+00
2.153536666666647363e+02 1.500889056549072453e+00
2.153953333333314220e+02 1.500640660208509169e+00
2.154369999999980791e+02 1.500440354881369842e+00
2.154786666666647363e+02 1.500280615805203333e+00
2.155203333333314220e+02 1.500154887653966762e+00
2.155619999999980791e+02 1.500057486785685512e+00
2.156036666666647363e+02 1.499983509667634385e+00
2.156453333333314220e+02 1.499928747608702650e+00
2.156869999999980791e+02 1.499889607834787864e+00
2.157286666666647363e+02 1.499863040859543917e+00
2.157703333333314220e+02 1.499846474030039900e+00
2.158119999999980791e+02 1.499837751065010716e+00
2.158536666666647363e+02 1.499835077352291268e+00
2.158953333333314220e+02 1.499836970731277752e+00
2.159369999999980791e+02 1.499842217455319648e+00
2.159786666666647363e+02 1.499849833007027566e+00
2.160203333333314220e+02 1.499859027425773261e+00
2.160619999999980791e+02 1.499869174800214422e+00
2.161036666666647363e+02 1.499879786578584229e+00
2.161453333333314220e+02 1.499890488354759022e+00
2.161869999999980791e+02 1.499900999797880941e+00
2.162286666666647363e+02 1.499911117406653283e+00
2.162703333333314220e+02 1.499920699785545430e+00
2.163119999999980791e+02 1.499929655158319441e+00
2.163536666666647363e+02 1.499937930853806556e+00
2.163953333333314220e+02 1.499945504519199835e+00
2.164369999999980791e+02 1.499952376836738654e+00
2.164786666666647363e+02 1.499958565540142397e+00
2.165203333333314220e+02 1.499964100547162227e+00
2.165619999999980791e+02 1.499969020043877999e+00
2.166036666666647363e+02 1.499973367374661803e+00
2.166453333333314220e+02 1.499977188608917267e+00
2.166869999999980791e+02 1.499980530671672252e+00
2.167286666666647363e+02 1.499983439939797325e+00
2.167703333333314220e+02 1.499985961219023167e+00
2.168119999999980791e+02 1.499988137029037771e+00
2.168536666666647363e+02 1.499990007134808900e+00
2.168953333333314220e+02 1.499991608271918686e+00
2.169369999999980791e+02 1.499992974022220871e+00
2.169786666666647363e+02 1.499994134803579460e+00
2.170203333333314220e+02 1.499995117943915046e+00
2.170619999999980791e+02 1.499995947815366826e+00
2.171036666666647363e+02 1.499996646009133627e+00
2.171453333333314220e+02 1.499997231535599607e+00
2.171869999999980791e+02 1.499997721037741982e+00
2.172286666666647363e+02 1.499998129008638603e+00
2.172703333333314220e+02 1.499998468006225494e+00
2.173119999999980791e+02 1.499998748860349895e+00
2.173536666666647363e+02 1.499998980868696208e+00
2.173953333333314220e+02 1.499999171979379931e+00
2.174369999999980791e+02 1.499999328958958156e+00
2.174786666666647363e+02 1.499999457545336146e+00
2.175203333333314220e+02 1.499999562585603075e+00
2.175619999999980791e+02 1.499999648159231036e+00
2.176036666666647363e+02 1.499999717687349632e+00
2.176453333333314220e+02 1.499999774028999200e+00
2.176869999999980791e+02 1.499999819565371872e+00
2.177286666666647363e+02 1.499999856273102061e+00
2.177703333333314220e+02 1.499999885787677512e+00
2.178119999999980791e+02 1.499999909458015868e+00
2.178536666666647363e+02 1.499999928393207504e+00
2.178953333333314220e+02 1.499999943502358990e+00
2.179369999999980791e+02 1.499999955528405149e+00
2.179786666666647363e+02 1.499999965076679986e+00
2.180203333333314220e+02 1.499999972638957013e+00
2.180619999999980791e+02 1.499999978613598239e+00
2.181036666666647363e+02 1.499999983322377162e+00
2.181453333333314220e+02 1.499999987024468906e+00
2.181869999999980791e+02 1.499999989928046507e+00
2.182286666666647363e+02 1.499999992199854582e+00
2.182703333333314220e+02 1.499999993973089252e+00
2.183119999999980791e+02 1.499999995353858973e+00
2.183536666666647363e+02 1.499999996426465643e+00
2.183953333333314220e+02 1.499999997257708051e+00
2.184369999999980791e+02 1.499999997900375304e+00
2.184786666666647363e+02 1.499999998396075451e+00
2.185203333333314220e+02 1.499999998777518773e+00
2.185619999999980791e+02 1.499999999070352530e+00
2.186036666666647363e+02 1.499999999294634900e+00
2.186453333333314220e+02 1.499999999466013145e+00
2.186869999999980791e+02 1.499999999596661304e+00
2.187286666666647363e+02 1.499999999696028485e+00
2.187703333333314220e+02 1.499999999771429060e+00
2.188119999999980791e+02 1.499999999828511177e+00
2.188536666666647363e+02 1.499999999871625800e+00
2.188953333333314220e+02 1.499999999904115366e+00
2.189369999999980791e+02 1.499999999928542271e+00
2.189786666666647363e+02 1.499999999946864948e+00
2.190203333333314220e+02 1.499999999960577535e+00
2.190619999999980791e+02 1.499999999970816233e+00
2.191036666666647363e+02 1.499999999978443910e+00
2.191453333333314220e+02 1.499999999984113375e+00
2.191869999999980791e+02 1.499999999988317567e+00
2.192286666666647363e+02 1.499999999991428412e+00
2.192703333333314220e+02 1.499999999993724797e+00
2.193119999999980791e+02 1.499999999995416111e+00
2.193536666666647363e+02 1.499999999996658895e+00
2.193953333333314220e+02 1.499999999997570166e+00
2.194369999999980791e+02 1.499999999998236744e+00
2.194786666666647363e+02 1.499999999998723466e+00
2.195203333333314220e+02 1.499999999999077849e+00
2.195619999999980791e+02 1.499999999999335198e+00
2.196036666666647363e+02 1.499999999999521938e+00
2.196453333333314220e+02 1.499999999999656941e+00
2.196869999999980791e+02 1.499999999999754197e+00
2.197286666666647363e+02 1.499999999999824585e+00
2.197703333333314220e+02 1.499999999999874989e+00
2.198119999999980791e+02 1.499999999999911182e+00
2.198536666666647363e+02 1.499999999999937161e+00
2.198953333333314220e+02 1.499999999999955591e+00
2.199369999999980791e+02 1.499999999999968914e+00
2.199786666666647363e+02 1.499999999999978462e+00
2.200203333333314220e+02 1.499999999999985345e+00
2.200619999999980791e+02 1.499999999999990452e+00
2.201036666666647363e+02 1.499999999999994449e+00
2.201453333333314220e+02 1.499999999999997780e+00
2.201869999999980791e+02 1.500000000000000888e+00
2.202286666666647363e+02 1.500000000000003997e+00
2.202703333333314220e+02 1.500000000000007772e+00
2.203119999999980791e+02 1.500000000000012657e+00
2.203536666666647363e+02 1.500000000000019096e+00
2.203953333333314220e+02 1.500000000000027978e+00
2.204369999999980791e+02 1.500000000000040412e+00
2.204786666666647363e+02 1.500000000000057954e+00
2.205203333333314220e+02 1.500000000000082823e+00
2.205619999999980791e+02 1.500000000000117684e+00
2.206036666666647363e+02 1.500000000000167200e+00
2.206453333333314220e+02 1.500000000000236478e+00
2.206869999999980791e+02 1.500000000000333955e+00
2.207286666666647363e+02 1.500000000000470735e+00
2.207703333333314220e+02 1.500000000000661693e+00
2.208119999999980791e+02 1.500000000000928368e+00
2.208536666666647363e+02 1.500000000001299405e+00
2.208953333333314220e+02 1.500000000001814993e+00
2.209369999999980791e+02 1.500000000002529310e+00
2.209786666666647363e+02 1.500000000003517187e+00
2.210203333333314220e+02 1.500000000004880096e+00
2.210619999999980791e+02 1.500000000006756595e+00
2.211036666666647363e+02 1.500000000009334089e+00
2.211453333333314220e+02 1.500000000012866375e+00
2.211869999999980791e+02 1.500000000017696955e+00
2.212286666666647363e+02 1.500000000024287461e+00
2.212703333333314220e+02 1.500000000033259395e+00
2.213119999999980791e+02 1.500000000045446313e+00
2.213536666666647363e+02 1.500000000061962435e+00
2.213953333333314220e+02 1.500000000084295682e+00
2.214369999999980791e+02 1.500000000114427801e+00
2.214786666666647363e+02 1.500000000154990909e+00
2.215203333333314220e+02 1.500000000209473328e+00
2.215619999999980791e+02 1.500000000282487589e+00
2.216036666666647363e+02 1.500000000380117715e+00
2.216453333333314220e+02 1.500000000510369746e+00
2.216869999999980791e+02 1.500000000683753942e+00
2.217286666666647363e+02 1.500000000914035292e+00
2.217703333333314220e+02 1.500000001219197854e+00
2.218119999999980791e+02 1.500000001622682433e+00
2.218536666666647363e+02 1.500000002154968648e+00
2.218953333333314220e+02 1.500000002855594428e+00
2.219369999999980791e+02 1.500000003775723734e+00
2.219786666666647363e+02 1.500000004981407065e+00
2.220203333333314220e+02 1.500000006557706600e+00
2.220619999999980791e+02 1.500000008613904479e+00
2.221036666666647363e+02 1.500000011290059776e+00
2.221453333333314220e+02 1.500000014765241696e+00
2.221869999999980791e+02 1.500000019267838880e+00
2.222286666666647363e+02 1.500000025088435329e+00
2.222703333333314220e+02 1.500000032595847133e+00
2.223119999999980791e+02 1.500000042257042532e+00
2.223536666666647363e+02 1.500000054661815296e+00
2.223953333333314220e+02 1.500000070553267451e+00
2.224369999999980791e+02 1.500000090865358571e+00
2.224786666666647363e+02 1.500000116769034220e+00
2.225203333333314220e+02 1.500000149728738075e+00
2.225619999999980791e+02 1.500000191571444708e+00
2.226036666666647363e+02 1.500000244570752761e+00
2.226453333333314220e+02 1.500000311549030130e+00
2.226869999999980791e+02 1.500000396001131442e+00
2.227286666666647363e+02 1.500000502243808764e+00
2.227703333333314220e+02 1.500000635595629017e+00
2.228119999999980791e+02 1.500000802592985849e+00
2.228536666666647363e+02 1.500001011248684346e+00
2.228953333333314220e+02 1.500001271360561272e+00
2.229369999999980791e+02 1.500001594878711542e+00
2.229786666666647363e+02 1.500001996341123522e+00
2.230203333333314220e+02 1.500002493388874925e+00
2.230619999999980791e+02 1.500003107373525157e+00
2.231036666666647363e+02 1.500003864070957205e+00
2.231453333333314220e+02 1.500004794517653783e+00
2.231869999999980791e+02 1.500005935987254624e+00
2.232286666666647363e+02 1.500007333127208131e+00
2.232703333333314220e+02 1.500009039277388601e+00
2.233119999999980791e+02 1.500011117994678012e+00
2.233536666666647363e+02 1.500013644809677471e+00
2.233953333333314220e+02 1.500016709243885638e+00
2.234369999999980791e+02 1.500020417117802651e+00
2.234786666666647363e+02 1.500024893182441588e+00
2.235203333333314220e+02 1.500030284108587297e+00
2.235619999999980791e+02 1.500036761869754098e+00
2.236036666666647363e+02 1.500044527556071872e+00
2.236453333333314220e+02 1.500053815657182321e+00
2.236869999999980791e+02 1.500064898852531581e+00
2.237286666666647363e+02 1.500078093347094521e+00
2.237703333333314220e+02 1.500093764789415696e+00
2.238119999999980791e+02 1.500112334806790404e+00
2.238536666666647363e+02 1.500134288189257648e+00
2.238953333333314220e+02 1.500160180749729344e+00
2.239369999999980791e+02 1.500190647881866957e+00
2.239786666666647363e+02 1.500226413830104466e+00
2.240203333333314220e+02 1.500268301677390337e+00
2.240619999999980791e+02 1.500317244045644260e+00
2.241036666666647363e+02 1.500374294491516380e+00
2.241453333333314220e+02 1.500440639565741474e+00
2.241869999999980791e+02 1.500517611488133785e+00
2.242286666666647363e+02 1.500606701372117602e+00
2.242703333333314220e+02 1.500709572912658274e+00
2.243119999999980791e+02 1.500828076429674862e+00
2.243536666666647363e+02 1.500964263135645016e+00
2.243953333333314220e+02 1.501120399471385980e+00
2.244369999999980791e+02 1.501298981328222037e+00
2.244786666666647363e+02 1.501502747948310734e+00
2.245203333333314220e+02 1.501734695268217123e+00
2.245619999999980791e+02 1.501998088444478352e+00
2.246036666666647363e+02 1.502296473274404853e+00
2.246453333333314220e+02 1.502633686201439778e+00
2.246869999999980791e+02 1.503013862572711412e+00
2.247286666666647363e+02 1.503441442797750494e+00
2.247703333333314220e+02 1.503921176042449792e+00
2.248119999999980791e+02 1.504458121082080213e+00
2.248536666666647363e+02 1.505057643932304012e+00
2.248953333333314220e+02 1.505725411878449993e+00
2.249369999999980791e+02 1.506467383531611803e+00
2.249786666666647363e+02 1.507289794556083029e+00
2.250203333333314220e+02 1.508199138736876499e+00
2.250619999999980791e+02 1.509202144089199393e+00
2.251036666666647363e+02 1.510305743754137398e+00
2.251453333333314220e+02 1.511517041476820866e+00
2.251869999999980791e+02 1.512843271525198263e+00
2.252286666666647363e+02 1.514291752979321615e+00
2.252703333333314220e+02 1.515869838402580383e+00
2.253119999999980791e+02 1.517584856997536980e+00
2.253536666666647363e+02 1.519444052449411053e+00
2.253953333333314220e+02 1.521454515769291582e+00
2.254369999999980791e+02 1.523623113566248577e+00
2.254786666666647363e+02 1.525956412301596288e+00
2.255203333333314220e+02 1.528460599208647519e+00
2.255619999999980791e+02 1.531141400696067079e+00
2.256036666666647363e+02 1.534003999190912015e+00
2.256453333333314220e+02 1.537052949516589662e+00
2.256869999999980791e+02 1.540292096039516334e+00
2.257286666666647363e+02 1.543724491953425204e+00
2.257703333333314220e+02 1.547352322199423869e+00
2.258119999999980791e+02 1.551176831639672127e+00
2.258536666666647363e+02 1.555198260209373684e+00
2.258953333333314220e+02 1.559415786861229059e+00
2.259369999999980791e+02 1.563827484184441952e+00
2.259786666666647363e+02 1.568430285621347675e+00
2.260203333333314220e+02 1.573219967213689507e+00
2.260619999999980791e+02 1.578191145781931093e+00
2.261036666666647363e+02 1.583337295369285691e+00
2.261453333333314220e+02 1.588650783661584853e+00
2.261869999999980791e+02 1.594122929920370080e+00
2.262286666666647363e+02 1.599744085734900123e+00
2.262703333333314220e+02 1.605503739606402913e+00
2.263119999999980791e+02 1.611390646023103779e+00
2.263536666666647363e+02 1.617392979267838538e+00
2.263953333333314220e+02 1.623498511723518334e+00
2.264369999999980791e+02 1.629694815911212347e+00
2.264786666666647363e+02 1.635969488918296744e+00
2.265203333333314220e+02 1.642310397261377064e+00
2.265619999999980791e+02 1.648705939594162784e+00
2.266036666666647363e+02 1.655145324030905751e+00
2.266453333333314220e+02 1.661618856229758467e+00
2.266869999999980791e+02 1.668118233788996152e+00
2.267286666666647363e+02 1.674636841973576873e+00
2.267703333333314220e+02 1.681170045331760843e+00
2.268119999999980791e+02 1.687715469402844670e+00
2.268536666666647363e+02 1.694273266475266215e+00
2.268953333333314220e+02 1.700846359245156370e+00
2.269369999999980791e+02 1.707440656259507250e+00
2.269786666666647363e+02 1.714065233211060191e+00
2.270203333333314220e+02 1.720732474482611574e+00
2.270619999999980791e+02 1.727458169810483835e+00
2.271036666666647363e+02 1.734261561536113661e+00
2.271453333333314220e+02 1.741165338622102876e+00
2.271869999999980791e+02 1.748195574399826535e+00
2.272286666666647363e+02 1.755381605861573435e+00
2.272703333333314220e+02 1.762755853179965859e+00
2.273119999999980791e+02 1.770353579000726763e+00
2.273536666666647363e+02 1.778212587881219386e+00
2.273953333333314220e+02 1.786372867011063903e+00
2.274369999999980791e+02 1.794876170031720175e+00
2.274786666666647363e+02 1.803765546355869720e+00
2.275203333333314220e+02 1.813084818868763159e+00
2.275619999999980791e+02 1.822878013277303699e+00
2.276036666666647363e+02 1.833188742671036930e+00
2.276453333333314220e+02 1.844059551094665794e+00
2.276869999999980791e+02 1.855531220135689718e+00
2.277286666666647363e+02 1.867642042739481090e+00
2.277703333333314220e+02 1.880427068720462058e+00
2.278119999999980791e+02 1.893917326786400235e+00
2.278536666666647363e+02 1.908139028377670243e+00
2.278953333333314220e+02 1.923112759284201445e+00
2.279369999999980791e+02 1.938852665874571723e+00
2.279786666666647363e+02 1.955365643876828541e+00
2.280203333333314220e+02 1.972650538997654301e+00
2.280619999999980791e+02 1.990697370247499265e+00
2.281036666666647363e+02 2.009486588626049564e+00
2.281453333333314220e+02 2.028988385759667334e+00
2.281869999999980791e+02 2.049162069097353100e+00
2.282286666666647363e+02 2.069955522255812586e+00
2.282703333333314220e+02 2.091304770934781398e+00
2.283119999999980791e+02 2.113133676343919465e+00
2.283536666666647363e+02 2.135353779129485208e+00
2.283953333333314220e+02 2.157864317176018343e+00
2.284369999999980791e+02 2.180552440209699405e+00
2.284786666666647363e+02 2.203293642668456620e+00
2.285203333333314220e+02 2.225952433684753373e+00
2.285619999999980791e+02 2.248383259140390944e+00
2.286036666666647363e+02 2.270431685544705314e+00
2.286453333333314220e+02 2.291935848974744339e+00
2.286869999999980791e+02 2.312728164597984915e+00
2.287286666666647363e+02 2.332637283567262187e+00
2.287703333333314220e+02 2.351490274616306664e+00
2.288119999999980791e+02 2.369114997874913531e+00
2.288536666666647363e+02 2.385342628715741764e+00
2.288953333333314220e+02 2.400010280357725012e+00
2.289369999999980791e+02 2.412963666026163079e+00
2.289786666666647363e+02 2.424059735244538327e+00
2.290203333333314220e+02 2.433169214800543489e+00
2.290619999999980791e+02 2.440178983495585374e+00
2.291036666666647363e+02 2.444994211236190207e+00
2.291453333333314220e+02 2.447540197483171642e+00
2.291869999999980791e+02 2.447763851493193865e+00
2.292286666666647363e+02 2.445634766931203075e+00
2.292703333333314220e+02 2.441145855890561212e+00
2.293119999999980791e+02 2.434313521561211058e+00
2.293536666666647363e+02 2.425177364045489892e+00
2.293953333333314220e+02 2.413799429372562866e+00
2.294369999999980791e+02 2.400263026820914636e+00
2.294786666666647648e+02 2.384671153472026628e+00
2.295203333333313935e+02 2.367144576824483426e+00
2.295619999999980791e+02 2.347819635758904067e+00
2.296036666666647648e+02 2.326845826792509175e+00
2.296453333333313935e+02 2.304383246203226321e+00
2.296869999999980791e+02 2.280599959234693941e+00
2.297286666666647648e+02 2.255669365379875835e+00
2.297703333333313935e+02 2.229767623997239934e+00
2.298119999999980791e+02 2.203071197674499437e+00
2.298536666666647648e+02 2.175754562324418107e+00
2.298953333333313935e+02 2.147988123523129733e+00
2.299369999999980791e+02 2.119936368624826262e+00
2.299786666666647648e+02 2.091756274213430356e+00
2.300203333333313935e+02 2.063595978923388863e+00
2.300619999999980791e+02 2.035593722942225181e+00
2.301036666666647648e+02 2.007877047862927533e+00
2.301453333333313935e+02 1.980562244160852581e+00
2.301869999999980791e+02 1.953754028512871388e+00
2.302286666666647648e+02 1.927545429462917959e+00
2.302703333333313935e+02 1.902017857502669385e+00
2.303119999999980791e+02 1.877241334371976489e+00
2.303536666666647648e+02 1.853274856138634297e+00
2.303953333333313935e+02 1.830166865222725647e+00
2.304369999999980791e+02 1.807955807812325677e+00
2.304786666666647648e+02 1.786670754899491120e+00
2.305203333333313935e+02 1.766332067283929552e+00
2.305619999999980791e+02 1.746952087207470194e+00
2.306036666666647648e+02 1.728535841665902462e+00
2.306453333333313935e+02 1.711081744797624093e+00
2.306869999999980791e+02 1.694582288993483621e+00
2.307286666666647648e+02 1.679024716450615795e+00
2.307703333333313935e+02 1.664391664767827406e+00
2.308119999999980791e+02 1.650661781832067243e+00
2.308536666666647648e+02 1.637810306666703575e+00
2.308953333333313935e+02 1.625809614105923284e+00
2.309369999999980791e+02 1.614629722141592616e+00
2.309786666666647648e+02 1.604238761573988370e+00
2.310203333333313935e+02 1.594603408209610995e+00
2.310619999999980791e+02 1.585689278312014894e+00
2.311036666666647648e+02 1.577461288348126711e+00
2.311453333333313935e+02 1.569883980306320925e+00
2.311869999999980791e+02 1.562921814015844513e+00
2.312286666666647648e+02 1.556539427988600899e+00
2.312703333333313935e+02 1.550701870349896039e+00
2.313119999999980791e+02 1.545374801440300594e+00
2.313536666666647648e+02 1.540524669665474855e+00
2.313953333333313935e+02 1.536118862154234987e+00
2.314369999999980791e+02 1.532125831763704760e+00
2.314786666666647648e+02 1.528515201947684199e+00
2.315203333333313935e+02 1.525257850982905561e+00
2.315619999999980791e+02 1.522325977029067801e+00
2.316036666666647648e+02 1.519693145481508578e+00
2.316453333333313935e+02 1.517334320059808617e+00
2.316869999999980791e+02 1.515225879059853176e+00
2.317286666666647648e+02 1.513345618179290142e+00
2.317703333333313935e+02 1.511672741305158052e+00
2.318119999999980791e+02 1.510187840626479039e+00
2.318536666666647648e+02 1.508872867402250684e+00
2.318953333333313935e+02 1.507711094675781904e+00
2.319369999999980791e+02 1.506687073179195258e+00
2.319786666666647648e+02 1.505786581617062581e+00
2.320203333333313935e+02 1.504996572455694848e+00
2.320619999999980791e+02 1.504305114275424016e+00
2.321036666666647648e+02 1.503701331668012786e+00
2.321453333333313935e+02 1.503175343581304890e+00
2.321869999999980791e+02 1.502718200929733738e+00
2.322286666666647648e+02 1.502321824203650014e+00
2.322703333333313935e+02 1.501978941723982608e+00
2.323119999999980791e+02 1.501683029103001665e+00
2.323536666666647648e+02 1.501428250388048058e+00
2.323953333333313935e+02 1.501209401284241407e+00
2.324369999999980791e+02 1.501021854775405506e+00
2.324786666666647648e+02 1.500861509390534643e+00
2.325203333333313935e+02 1.500724740296726978e+00
2.325619999999980791e+02 1.500608353339126788e+00
2.326036666666647648e+02 1.500509542094296211e+00
2.326453333333313935e+02 1.500425847955714875e+00
2.326869999999980791e+02 1.500355123228786391e+00
2.327286666666647648e+02 1.500295497177618342e+00
2.327703333333313935e+02 1.500245344936717906e+00
2.328119999999980791e+02 1.500203259177225412e+00
2.328536666666647648e+02 1.500168024399020750e+00
2.328953333333313935e+02 1.500138593706469958e+00
2.329369999999980791e+02 1.500114067916301419e+00
2.329786666666647648e+02 1.500093676840561496e+00
2.330203333333313935e+02 1.500076762585323742e+00
2.330619999999980791e+02 1.500062764706337370e+00
2.331036666666647648e+02 1.500051207065601577e+00
2.331453333333313935e+02 1.500041686237547411e+00
2.331869999999980791e+02 1.500033861319676420e+00
2.332286666666647648e+02 1.500027445009783689e+00
2.332703333333313935e+02 1.500022195819983528e+00
2.333119999999980791e+02 1.500017911306346763e+00
2.333536666666647648e+02 1.500014422201840114e+00
2.333953333333313935e+02 1.500011587349197706e+00
2.334369999999980791e+02 1.500009289339216290e+00
2.334786666666647648e+02 1.500007430768580452e+00
2.335203333333313935e+02 1.500005931039617435e+00
2.335619999999980791e+02 1.500004723632249348e+00
2.336036666666647648e+02 1.500003753785824623e+00
2.336453333333313935e+02 1.500002976535395049e+00
2.336869999999980791e+02 1.500002355053390746e+00
2.337286666666647648e+02 1.500001859253483172e+00
2.337703333333313935e+02 1.500001464618740510e+00
2.338119999999980791e+02 1.500001151221000972e+00
2.338536666666647648e+02 1.500000902902699496e+00
2.338953333333313935e+02 1.500000706596250621e+00
2.339369999999980791e+02 1.500000551759517631e+00
2.339786666666647648e+02 1.500000429908928234e+00
2.340203333333313935e+02 1.500000334234457444e+00
2.340619999999980791e+02 1.500000259283035042e+00
2.341036666666647648e+02 1.500000200698952568e+00
2.341453333333313935e+02 1.500000155011612213e+00
2.341869999999980791e+02 1.500000119462468362e+00
2.342286666666647648e+02 1.500000091864318374e+00
2.342703333333313935e+02 1.500000070487214954e+00
2.343119999999980791e+02 1.500000053966216162e+00
2.343536666666647648e+02 1.500000041226997372e+00
2.343953333333313935e+02 1.500000031426033331e+00
2.344369999999980791e+02 1.500000023902622326e+00
2.344786666666647648e+02 1.500000018140516644e+00
2.345203333333313935e+02 1.500000013737315507e+00
2.345619999999980791e+02 1.500000010380116322e+00
2.346036666666647648e+02 1.500000007826195469e+00
2.346453333333313935e+02 1.500000005887721644e+00
2.346869999999980791e+02 1.500000004419691724e+00
2.347286666666647648e+02 1.500000003310433039e+00
2.347703333333313935e+02 1.500000002474148442e+00
2.348119999999980791e+02 1.500000001845078534e+00
2.348536666666647648e+02 1.500000001372941538e+00
2.348953333333313935e+02 1.500000001019383022e+00
2.349369999999980791e+02 1.500000000755215224e+00
2.349786666666647648e+02 1.500000000558280311e+00
2.350203333333313935e+02 1.500000000411795931e+00
2.350619999999980791e+02 1.500000000303081782e+00
2.351036666666647648e+02 1.500000000222579732e+00
2.351453333333313935e+02 1.500000000163102198e+00
2.351869999999980791e+02 1.500000000119256383e+00
2.352286666666647648e+02 1.500000000087006624e+00
2.352703333333313935e+02 1.500000000063338890e+00
2.353119999999980791e+02 1.500000000046008308e+00
2.353536666666647648e+02 1.500000000033346659e+00
2.353953333333313935e+02 1.500000000024116487e+00
2.354369999999980791e+02 1.500000000017403190e+00
2.354786666666647648e+02 1.500000000012531087e+00
2.355203333333313935e+02 1.500000000009003021e+00
2.355619999999980791e+02 1.500000000006454171e+00
2.356036666666647648e+02 1.500000000004616973e+00
2.356453333333313935e+02 1.500000000003295364e+00
2.356869999999980791e+02 1.500000000002347011e+00
2.357286666666647648e+02 1.500000000001667777e+00
2.357703333333313935e+02 1.500000000001182610e+00
2.358119999999980791e+02 1.500000000000836664e+00
2.358536666666647648e+02 1.500000000000590639e+00
2.358953333333313935e+02 1.500000000000416112e+00
2.359369999999980791e+02 1.500000000000292433e+00
2.359786666666647648e+02 1.500000000000205169e+00
2.360203333333313935e+02 1.500000000000143663e+00
2.360619999999980791e+02 1.500000000000100364e+00
2.361036666666647648e+02 1.500000000000069944e+00
2.361453333333313935e+02 1.500000000000048628e+00
2.361869999999980791e+02 1.500000000000033751e+00
2.362286666666647648e+02 1.500000000000023315e+00
2.362703333333313935e+02 1.500000000000015987e+00
2.363119999999980791e+02 1.500000000000011102e+00
2.363536666666647648e+02 1.500000000000007772e+00
2.363953333333313935e+02 1.500000000000005329e+00
2.364369999999980791e+02 1.500000000000003553e+00
2.364786666666647648e+02 1.500000000000002442e+00
2.365203333333313935e+02 1.500000000000001776e+00
2.365619999999980791e+02 1.500000000000001110e+00
2.366036666666647648e+02 1.500000000000000666e+00
2.366453333333313935e+02 1.500000000000000444e+00
2.366869999999980791e+02 1.500000000000000444e+00
2.367286666666647648e+02 1.500000000000000222e+00
2.367703333333313935e+02 1.500000000000000222e+00
2.368119999999980791e+02 1.500000000000000000e+00
2.368536666666647648e+02 1.500000000000000000e+00
2.368953333333313935e+02 1.500000000000000000e+00
2.369369999999980791e+02 1.500000000000000000e+00
2.369786666666647648e+02 1.500000000000000000e+00
2.370203333333313935e+02 1.500000000000000000e+00
2.370619999999980791e+02 1.500000000000000000e+00
2.371036666666647648e+02 1.500000000000000000e+00
2.371453333333313935e+02 1.500000000000000000e+00
2.371869999999980791e+02 1.500000000000000000e+00
2.372286666666647648e+02 1.500000000000000000e+00
2.372703333333313935e+02 1.500000000000000000e+00
2.373119999999980791e+02 1.500000000000000000e+00
2.373536666666647648e+02 1.500000000000000000e+00
2.373953333333313935e+02 1.500000000000000000e+00
2.374369999999980791e+02 1.500000000000000000e+00
2.374786666666647648e+02 1.500000000000000000e+00
2.375203333333313935e+02 1.500000000000000000e+00
2.375619999999980791e+02 1.500000000000000000e+00
2.376036666666647648e+02 1.500000000000000000e+00
2.376453333333313935e+02 1.500000000000000000e+00
2.376869999999980791e+02 1.500000000000000000e+00
2.377286666666647648e+02 1.500000000000000000e+00
2.377703333333313935e+02 1.500000000000000000e+00
2.378119999999980791e+02 1.500000000000000000e+00
2.378536666666647648e+02 1.500000000000000000e+00
2.378953333333313935e+02 1.500000000000000000e+00
2.379369999999980791e+02 1.500000000000000000e+00
2.379786666666647648e+02 1.500000000000000000e+00
2.380203333333313935e+02 1.500000000000000000e+00
2.380619999999980791e+02 1.500000000000000000e+00
2.381036666666647648e+02 1.500000000000000000e+00
2.381453333333313935e+02 1.500000000000000000e+00
2.381869999999980791e+02 1.500000000000000000e+00
2.382286666666647648e+02 1.500000000000000000e+00
2.382703333333313935e+02 1.500000000000000000e+00
2.383119999999980791e+02 1.500000000000000000e+00
2.383536666666647648e+02 1.500000000000000000e+00
2.383953333333313935e+02 1.500000000000000000e+00
2.384369999999980791e+02 1.500000000000000000e+00
2.384786666666647648e+02 1.500000000000000000e+00
2.385203333333313935e+02 1.500000000000000000e+00
2.385619999999980791e+02 1.500000000000000000e+00
2.386036666666647648e+02 1.500000000000000000e+00
2.386453333333313935e+02 1.500000000000000000e+00
2.386869999999980791e+02 1.500000000000000000e+00
2.387286666666647648e+02 1.500000000000000000e+00
2.387703333333313935e+02 1.500000000000000000e+00
2.388119999999980791e+02 1.500000000000000000e+00
2.388536666666647648e+02 1.500000000000000000e+00
2.388953333333313935e+02 1.500000000000000000e+00
2.389369999999980791e+02 1.500000000000000000e+00
2.389786666666647648e+02 1.500000000000000000e+00
2.390203333333313935e+02 1.500000000000000000e+00
2.390619999999980791e+02 1.500000000000000000e+00
2.391036666666647648e+02 1.500000000000000000e+00
2.391453333333313935e+02 1.500000000000000000e+00
2.391869999999980791e+02 1.500000000000000000e+00
