1.661138100000000009e+02 3.820882999999999896e+01
5.456211563333333470e+04 5.456353229999999894e+04
5.456519896666666318e+04 5.456553229999999894e+04
5.457932396666666318e+04 5.458336563333333470e+04
5.458461563333333470e+04 5.459024063333333470e+04
5.459115729999999894e+04 5.459294896666666318e+04
5.459344896666666318e+04 5.459503229999999894e+04
5.461044896666666318e+04 5.461274063333333470e+04
5.461511563333333470e+04 5.461561563333333470e+04
5.461669896666666318e+04 5.461786563333333470e+04
5.461886563333333470e+04 5.461953229999999894e+04
5.462094896666666318e+04 5.462315729999999894e+04
5.482957396666666318e+04 5.482982396666666318e+04
5.485074063333333470e+04 5.485199063333333470e+04
5.485569896666666318e+04 5.485719896666666318e+04
5.486007396666666318e+04 5.486082396666666318e+04
5.486190729999999894e+04 5.486486563333333470e+04
5.486574063333333470e+04 5.486644896666666318e+04
5.487878229999999894e+04 5.487994896666666318e+04
5.488082396666666318e+04 5.488265729999999894e+04
5.488394896666666318e+04 5.488461563333333470e+04
5.488799063333333470e+04 5.488890729999999894e+04
5.489265729999999894e+04 5.489399063333333470e+04
5.490557396666666318e+04 5.490832396666666318e+04
5.491024063333333470e+04 5.491044896666666318e+04
5.491286563333333470e+04 5.491319896666666318e+04
5.492024063333333470e+04 5.492065729999999894e+04
5.493374063333333470e+04 5.493465729999999894e+04
5.493719896666666318e+04 5.493899063333333470e+04
5.494103229999999894e+04 5.494153229999999894e+04
5.494757396666666318e+04 5.494878229999999894e+04
5.496361563333333470e+04 5.496419896666666318e+04
