      54737.437   0.042 NULL 1.63070e-07  7.86040e-08
      54738.419   0.042 NULL 1.03970e-07  6.19250e-08
      54740.329   0.111 NULL 1.40330e-07  3.10620e-08
      54741.292   0.167 NULL 1.48700e-07  3.02610e-08
      54742.335   0.069 NULL 2.12760e-07  5.09590e-08
      54743.362   0.097 NULL 7.25760e-08  5.36190e-08
      54745.295   0.139 NULL 1.23680e-07  3.58480e-08
      54746.325   0.056 NULL 7.62890e-08  4.56840e-08
      54747.299   0.125 NULL 2.57280e-07  3.85910e-08
      54748.347   0.083 NULL 3.16660e-07  5.73060e-08
      54749.373   0.069 NULL 4.04920e-07  7.01070e-08
      54765.326   0.014 NULL 1.28480e-07  1.17050e-07
      54767.336   0.014 NULL 1.97620e-07  1.36660e-07
      54774.293   0.014 NULL 3.52600e-07  1.23120e-07
      54775.312   0.014 NULL 2.24910e-07  1.25020e-07
      54789.226   0.014 NULL 1.76500e-07  1.10100e-07
      54791.214   0.014 NULL 2.50460e-07  1.53900e-07

