54562.4135 .0125 5.4 3.49e-07 8.54e-08
54564.3771 .0062 .8 2.42e-09 1.24e-07
54565.4343 .0062 5.5 5.36e-07 1.24e-07
54566.4662 .0125 8.9 5.29e-07 8.22e-08
54567.4414 .0065 4.3 3.22e-07 1.01e-07
54568.4504 .0124 6.4 4.28e-07 8.54e-08
54569.4322 .0062 4.1 2.82e-07 1.06e-07
54582.2999 .0063 4.1 5.99e-07 2.00e-07
54583.3108 .0064 3.1 2.57e-07 1.45e-07
54584.3532 .0062 4.7 5.21e-07 1.39e-07
54585.3533 .0062 4.2 2.58e-07 1.09e-07
54586.3547 .0062 4.3 3.98e-07 1.20e-07
54599.3457 .0062 5.1 5.09e-07 1.22e-07
54907.4841 .0132 12.5 9.10e-07 1.09e-07
54914.4337 .0507 14.8 5.16e-07 5.06e-08

