54562.3274 .0188 -1.0 -7.03e-08 4.17e-08
54563.2750 .0125 -.2 9.33e-08 7.00e-08
54564.3231 .0125 -.5 -1.77e-08 5.98e-08
54565.3224 .0188 -.6 -9.63e-08 3.84e-08
54566.3431 .0190 3.3 1.48e-07 5.56e-08
54567.3512 .0065 .9 9.81e-08 9.82e-08
54568.1953 .0133 -1.0 -2.52e-07 7.32e-08
54596.1958 .0314 .8 4.12e-08 3.84e-08
54624.1852 .0253 9.6 4.36e-07 6.64e-08
54625.1901 .0192 7.5 4.83e-07 8.64e-08
54626.1902 .0105 1.7 2.13e-07 1.18e-07
54828.5317 .0123 2.0 -1.30e-09 6.14e-08
54831.5348 .0092 .3 -5.75e-08 6.87e-08
54856.4281 .0186 2.9 1.61e-07 6.13e-08
54858.5138 .0125 -.4 4.24e-08 6.74e-08
54892.3610 .0187 -1.0 2.14e-09 4.79e-08
54916.3055 .0126 1.6 6.30e-08 5.21e-08
54941.2621 .0187 2.4 7.42e-08 4.80e-08
54947.2157 .0063 .9 1.20e-07 9.34e-08

