54829.5160 .0215 3.2 9.19e-08 5.56e-08
54830.5244 .0181 6.5 3.11e-07 6.68e-08
54838.5135 .0216 4.5 1.90e-07 5.64e-08
54839.5176 .0179 5.3 2.14e-07 6.31e-08
54856.4593 .0062 5.5 3.31e-07 1.13e-07
54862.4538 .0640 16.1 3.79e-07 3.74e-08
54863.4458 .0719 11.3 2.82e-07 3.26e-08
54864.4277 .0479 6.4 2.05e-07 3.78e-08
54865.4643 .0375 5.2 1.47e-07 4.13e-08
54866.4349 .0304 4.7 1.46e-07 4.35e-08
54867.4793 .0188 3.0 1.68e-07 5.77e-08
54868.5310 .0063 -.7 2.85e-09 9.53e-08
54881.3696 .0062 1.4 2.54e-07 1.03e-07
54888.4109 .0186 9.1 4.49e-07 7.24e-08
54889.3593 .0312 8.6 2.75e-07 5.03e-08
54891.4150 .0062 3.7 3.29e-07 1.08e-07
54907.3285 .0250 2.4 2.04e-07 5.37e-08
54916.3142 .0063 2.3 8.13e-08 7.78e-08
54938.2416 .0252 2.2 1.11e-07 4.13e-08
54944.2659 .0370 4.7 1.28e-07 3.63e-08

