#column labels
#number   mjd start   mjd stop   mjd midpoint   flux(crab)   flux error(crab)
1	50070.4389	50070.4583	50070.4486	 0.05	0.07
2	50073.4917	50073.5111	50073.5014	 0.50	0.13
3	50074.4479	50074.5292	50074.4919	 0.69	0.11
4	50076.4264	50076.4667	50076.4465	 0.22	0.08
5	50077.4319	50077.4938	50077.4632	 0.20	0.10
6	50078.4056	50078.4868	50078.4495	 0.27	0.10
7	50097.3438	50097.3632	50097.3535	 0.52	0.17
8	50100.3618	50100.3813	50100.3715	 0.57	0.11
9	50101.3597	50101.5118	50101.4438	 0.33	0.12
10	50103.4194	50103.4806	50103.4500	 0.35	0.12
11	50106.3639	50106.5111	50106.4373	 0.59	0.17
12	50107.3646	50107.4278	50107.3962	 0.20	0.05
13	50108.3354	50108.4431	50108.3887	 0.26	0.09
14	50109.3278	50109.4438	50109.3826	 0.60	0.08
15	50111.4000	50111.4590	50111.4294	 0.14	0.09
16	50124.2618	50124.2813	50124.2715	 0.35	0.11
17	50128.3132	50128.3326	50128.3229	 0.22	0.09
18	50129.3174	50129.3368	50129.3271	 0.22	0.11
19	50130.3146	50130.3771	50130.3458	 0.42	0.09
20	50131.3521	50131.4118	50131.3819	 0.57	0.10
21	50153.2618	50153.2813	50153.2715	 0.16	0.09
22	50154.2826	50154.3021	50154.2924	 0.05	0.09
23	50158.1917	50158.3681	50158.2721	 0.25	0.09
24	50159.2306	50159.3729	50159.3017	 0.52	0.08
25	50160.1868	50160.2493	50160.2181	 0.69	0.13
26	50161.1965	50161.3694	50161.2871	 0.31	0.11
27	50162.1944	50162.2556	50162.2250	 0.71	0.11
28	50163.2042	50163.3819	50163.2877	 0.61	0.13
29	50164.3188	50164.3653	50164.3420	 0.29	0.10
30	50165.2229	50165.3576	50165.2878	 0.10	0.14
31	50182.1458	50182.2069	50182.1764	 0.37	0.09
32	50183.1431	50183.1840	50183.1635	 0.00	0.14
33	50184.1542	50184.2139	50184.1840	 0.34	0.09
34	50185.2778	50185.3403	50185.3090	 0.11	0.11
35	50186.1306	50186.1965	50186.1625	 0.53	0.09
36	50187.1819	50187.2931	50187.2340	-0.17	0.11
37	50188.2076	50188.3361	50188.2833	 0.07	0.10
38	50189.1632	50189.2979	50189.2306	 0.03	0.08
39	50190.1417	50190.2708	50190.2009	 0.19	0.08
40	50191.1396	50191.3090	50191.2354	 0.39	0.11
41	50192.2792	50192.2986	50192.2889	 0.08	0.08
42	50193.1674	50193.3194	50193.2434	 0.10	0.10
43	50194.2035	50194.3097	50194.2566	 0.11	0.11
44	50195.2326	50195.3146	50195.2775	 0.47	0.10
45	50196.2674	50196.2868	50196.2771	 0.20	0.10
46	50210.1493	50210.2424	50210.1984	 8.29	0.62
47	50211.1514	50211.2694	50211.2081	 0.11	0.10
48	50212.1715	50212.2458	50212.2065	 0.25	0.10
49	50213.1583	50213.1986	50213.1785	 0.62	0.09
50	50214.1563	50214.2618	50214.2045	 0.33	0.10
51	50215.1514	50215.2535	50215.2026	 0.58	0.12
52	50216.1542	50216.2153	50216.1847	 0.31	0.08
53	50217.1542	50217.2569	50217.2057	 0.48	0.12
54	50218.1563	50218.2465	50218.2035	 0.38	0.11
55	50219.1542	50219.2160	50219.1852	 0.13	0.09
56	50220.1771	50220.2368	50220.2069	 0.38	0.16
57	50221.1556	50221.2500	50221.2037	 0.09	0.11
58	50222.1569	50222.1764	50222.1667	 0.05	0.11
59	50223.1715	50223.2319	50223.2016	 0.07	0.11
60	50224.2090	50224.2285	50224.2188	 0.64	0.23
61	50429.4861	50429.5056	50429.4958	 0.35	0.10
62	50431.5069	50431.5264	50431.5167	 0.12	0.12
63	50432.5125	50432.5319	50432.5222	-0.12	0.12
64	50433.5118	50433.5313	50433.5215	 0.07	0.12
65	50434.5069	50434.5264	50434.5167	 0.12	0.12
66	50435.5021	50435.5215	50435.5118	 0.10	0.12
67	50436.3972	50436.4167	50436.4069	 0.15	0.15
68	50458.4326	50458.4521	50458.4424	 0.10	0.10
69	50465.4569	50465.4764	50465.4667	 0.17	0.07
70	50479.2958	50479.3153	50479.3056	 0.13	0.07
71	50480.3069	50480.3757	50480.3413	 0.73	0.09
72	50481.2924	50481.3903	50481.3462	 0.06	0.07
73	50482.3111	50482.3306	50482.3208	 0.17	0.06
74	50483.3097	50483.3292	50483.3194	 0.24	0.06
75	50485.3174	50485.3368	50485.3271	-0.46	0.22
76	50486.3361	50486.3556	50486.3458	 0.12	0.12
77	50488.3965	50488.4160	50488.4063	 0.20	0.12
78	50489.3514	50489.3708	50489.3611	 0.08	0.05
79	50490.4104	50490.4299	50490.4201	 0.07	0.05
80	50493.4243	50493.4438	50493.4340	 0.14	0.06
81	50494.3729	50494.3924	50494.3826	 0.14	0.06
82	50510.2910	50510.3104	50510.3007	 0.12	0.06
83	50511.2806	50511.3000	50511.2903	-0.23	0.13
84	50512.2951	50512.3146	50512.3049	-0.02	0.12
85	50514.3069	50514.3264	50514.3167	 0.46	0.10
86	50516.3194	50516.3389	50516.3292	 0.23	0.09
87	50517.2333	50517.2528	50517.2431	 0.09	0.10
88	50518.3056	50518.3250	50518.3153	 0.17	0.08
89	50520.2354	50520.2549	50520.2451	 0.32	0.11
90	50521.2611	50521.2806	50521.2708	 0.28	0.10
91	50522.3806	50522.4000	50522.3903	 0.36	0.12
92	50536.2333	50536.2528	50536.2431	 0.10	0.10
93	50537.1347	50537.1542	50537.1444	 0.08	0.10
94	50539.1667	50539.2667	50539.2167	 0.21	0.10
95	50540.2271	50540.3701	50540.3001	 0.50	0.13
96	50541.2472	50541.2667	50541.2569	 0.46	0.11
97	50545.1854	50545.2410	50545.2132	 0.37	0.10
98	50546.2160	50546.2563	50546.2361	 0.66	0.12
99	50548.1896	50548.3257	50548.2625	 0.25	0.11
100	50549.2264	50549.2458	50549.2361	 0.92	0.11
101	50550.2681	50550.2875	50550.2778	 0.34	0.10
102	50551.2972	50551.3167	50551.3069	 0.27	0.15
103	50565.1444	50565.1639	50565.1542	 0.10	0.09
104	50566.1424	50566.2882	50566.2294	 0.28	0.13
105	50568.1438	50568.2701	50568.2135	 0.02	0.12
106	50569.1493	50569.2729	50569.2129	 0.26	0.11
107	50570.1493	50570.2924	50570.2211	 0.23	0.12
108	50571.1493	50571.2625	50571.1970	 0.20	0.16
109	50574.1778	50574.1972	50574.1875	 0.09	0.10
110	50575.1479	50575.2076	50575.1780	 0.32	0.10
111	50576.1583	50576.2625	50576.2099	 0.36	0.11
112	50577.2340	50577.2535	50577.2438	 0.12	0.11
113	50595.1625	50595.1819	50595.1722	 0.29	0.12
114	50596.1618	50596.1813	50596.1715	 0.29	0.11
115	50597.1694	50597.1889	50597.1792	 0.09	0.12
116	50598.1750	50598.2160	50598.1955	 0.11	0.11
117	50600.1715	50600.1910	50600.1813	 0.64	0.14
118	50601.1688	50601.1882	50601.1785	 0.61	0.14
119	50602.1708	50602.1903	50602.1806	 0.64	0.15
120	50604.1681	50604.1875	50604.1778	-0.01	0.15
121	50606.1681	50606.1875	50606.1778	 0.23	0.12
122	50811.4403	50811.4792	50811.4597	 0.12	0.12
123	50819.5229	50819.5424	50819.5326	-0.16	0.18
124	50835.3625	50835.3764	50835.3694	 0.36	0.21
125	50836.3319	50836.3514	50836.3417	-0.04	0.18
126	50837.4076	50837.4271	50837.4174	 0.51	0.33
127	50838.3583	50838.4833	50838.4208	 1.17	0.27
128	50839.3625	50839.3819	50839.3722	-0.27	0.23
129	50840.3319	50840.4410	50840.3861	 0.31	0.21
130	50843.4090	50843.4285	50843.4188	 0.81	0.27
131	50844.3653	50844.4507	50844.4113	 0.27	0.15
132	50846.3458	50846.4194	50846.3826	 0.46	0.16
133	50847.4611	50847.4806	50847.4708	 1.26	0.29
134	50867.2882	50867.3729	50867.3338	 0.45	0.17
135	50872.3667	50872.3861	50872.3764	 0.18	0.12
136	50876.3229	50876.3910	50876.3569	 0.54	0.20
137	50877.3819	50877.4014	50877.3917	 0.27	0.14
138	50896.2896	50896.3090	50896.2993	 0.55	0.20
139	50897.2368	50897.2993	50897.2681	 0.20	0.18
140	50900.2417	50900.2819	50900.2618	 0.21	0.09
141	50903.3181	50903.3833	50903.3507	 0.25	0.24
142	50904.2479	50904.3424	50904.2983	 0.37	0.28
143	50906.3319	50906.3785	50906.3552	 0.41	0.28
144	50921.2847	50921.3042	50921.2944	 0.54	0.26
145	50922.1583	50922.2451	50922.2017	 0.47	0.19
146	50923.1576	50923.2125	50923.1851	 0.58	0.17
147	50924.1542	50924.3208	50924.2485	 1.33	0.27
148	50925.1556	50925.2847	50925.2253	 0.35	0.19
149	50926.1604	50926.2424	50926.2051	 0.50	0.18
150	50927.1389	50927.3188	50927.2288	 0.59	0.25
151	50928.2271	50928.3090	50928.2715	 0.15	0.21
152	50930.1514	50930.2924	50930.2221	 0.66	0.22
153	50931.1667	50931.3056	50931.2365	 0.26	0.23
154	50932.2049	50932.3049	50932.2546	 0.77	0.34
155	50948.1667	50948.2139	50948.1903	 1.66	0.24
156	50949.1639	50949.1833	50949.1736	 1.26	0.26
157	50953.1986	50953.2181	50953.2083	 1.29	0.22
158	50955.1583	50955.1778	50955.1681	 1.54	0.28
159	50956.1660	50956.1854	50956.1757	 0.63	0.25
160	50957.1806	50957.2000	50957.1903	 1.26	0.28
161	50959.1611	50959.1806	50959.1708	 1.26	0.27
162	50960.1604	50960.1799	50960.1701	 1.80	0.30
163	50961.1757	50961.1951	50961.1854	 0.36	0.30
164	51144.4854	51144.5257	51144.5056	 0.59	0.19
165	51167.4306	51167.4910	51167.4606	 1.57	0.21
166	51168.4382	51168.4785	51168.4583	 0.65	0.18
167	51169.4021	51169.4833	51169.4427	 0.79	0.20
168	51170.4514	51170.4708	51170.4611	 0.06	0.24
169	51171.3889	51171.4569	51171.4238	 1.02	0.21
170	51172.4514	51172.4910	51172.4712	-0.14	0.17
171	51175.4208	51175.4403	51175.4306	 0.75	0.22
172	51192.4444	51192.4639	51192.4542	-0.04	0.25
173	51193.3639	51193.4049	51193.3844	 0.31	0.18
174	51195.4882	51195.5076	51195.4979	 0.08	0.21
175	51196.4431	51196.5431	51196.4891	 0.06	0.16
176	51197.4264	51197.4458	51197.4361	 0.06	0.21
177	51200.4076	51200.4271	51200.4174	-0.06	0.18
178	51201.3604	51201.3799	51201.3701	 0.08	0.17
179	51219.3021	51219.3215	51219.3118	 0.45	0.27
180	51220.3632	51220.3826	51220.3729	 0.42	0.24
181	51221.3535	51221.3729	51221.3632	 0.22	0.23
182	51222.3542	51222.3736	51222.3639	 0.33	0.21
183	51223.3646	51223.3840	51223.3743	 0.04	0.21
184	51224.3097	51224.3292	51224.3194	 0.09	0.23
185	51225.3340	51225.3535	51225.3438	 0.29	0.23
186	51227.3556	51227.3750	51227.3653	 0.09	0.20
187	51228.3313	51228.3507	51228.3410	 0.29	0.22
188	51229.3431	51229.3625	51229.3528	 0.81	0.63
189	51230.3542	51230.3736	51230.3639	 0.05	0.21
190	51232.3542	51232.3736	51232.3639	 0.30	0.24
191	51233.3986	51233.4181	51233.4083	 0.26	0.26
192	51247.2507	51247.2938	51247.2722	 0.17	0.23
193	51248.2292	51248.2486	51248.2389	 0.20	0.28
194	51250.2965	51250.3160	51250.3063	 0.18	0.22
195	51252.2569	51252.2993	51252.2781	 0.67	0.26
196	51253.2403	51253.2806	51253.2604	 0.32	0.22
197	51256.2049	51256.2243	51256.2146	 0.15	0.17
198	51257.2639	51257.2833	51257.2736	-0.04	0.15
199	51259.2847	51259.3042	51259.2944	 0.43	0.24
200	51260.3056	51260.3250	51260.3153	 0.37	0.19
201	51275.1896	51275.2799	51275.2347	 0.56	0.21
202	51277.1444	51277.1639	51277.1542	 0.57	0.27
203	51278.1451	51278.1646	51278.1549	 0.54	0.21
204	51279.1958	51279.2153	51279.2056	 0.22	0.18
205	51280.2049	51280.2243	51280.2146	 0.19	0.20
206	51283.1819	51283.2014	51283.1917	 0.43	0.18
207	51284.2757	51284.2951	51284.2854	 0.28	0.20
208	51285.1674	51285.2306	51285.1990	 0.65	0.20
209	51286.2472	51286.3215	51286.2911	 0.73	0.23
210	51288.2604	51288.2799	51288.2701	 0.55	0.22
211	51303.2250	51303.2444	51303.2347	 0.62	0.22
212	51304.1535	51304.2646	51304.2114	 0.24	0.22
213	51305.1486	51305.2667	51305.2080	 1.05	0.24
214	51306.1500	51306.1903	51306.1701	 0.69	0.22
215	51307.1472	51307.2340	51307.1802	-0.02	0.22
216	51308.1590	51308.2410	51308.1965	 0.79	0.22
217	51312.1500	51312.1639	51312.1569	 0.18	0.13
218	51314.1507	51314.2438	51314.2007	 0.71	0.23
219	51315.1590	51315.2604	51315.2100	 0.11	0.21
220	51316.2194	51316.2597	51316.2396	 0.45	0.24
221	51334.1722	51334.1917	51334.1819	 0.71	0.22
222	51335.1715	51335.1910	51335.1813	 0.46	0.24
223	51336.1764	51336.1958	51336.1861	 0.39	0.23
224	51519.5146	51519.5340	51519.5243	 0.06	0.22
225	51520.5118	51520.5313	51520.5215	 0.34	0.25
226	51521.5035	51521.5229	51521.5132	 0.15	0.21
227	51524.4882	51524.5278	51524.5080	 0.13	0.22
228	51525.5049	51525.5243	51525.5146	 0.15	0.20
229	51529.5021	51529.5215	51529.5118	 0.27	0.18
230	51530.5056	51530.5250	51530.5153	 0.16	0.18
231	51545.3910	51545.4104	51545.4007	-0.09	0.23
232	51547.3924	51547.4535	51547.4229	 0.58	0.33
233	51548.3903	51548.4097	51548.4000	 0.65	0.34
234	51549.3903	51549.4528	51549.4215	 1.80	0.38
235	51550.4111	51550.4306	51550.4208	 1.81	0.58
236	51553.3875	51553.4069	51553.3972	 1.00	0.32
237	51554.3507	51554.3917	51554.3712	 1.26	0.21
238	51555.3778	51555.4382	51555.4080	 0.97	0.28
239	51556.3583	51556.4382	51556.3947	 0.09	0.21
240	51572.3361	51572.3556	51572.3458	 0.90	0.94
241	51576.3611	51576.4167	51576.3889	 0.69	0.22
242	51577.3160	51577.3354	51577.3257	 0.64	0.23
243	51578.4049	51578.4243	51578.4146	 1.40	0.25
244	51586.3139	51586.3965	51586.3552	 0.66	0.28
245	51588.4042	51588.4674	51588.4358	 0.73	0.30
246	51600.2875	51600.3069	51600.2972	 0.61	0.18
247	51601.3000	51601.3194	51601.3097	 0.45	0.22
248	51605.2375	51605.2764	51605.2569	 0.33	0.21
249	51611.3153	51611.3347	51611.3250	 0.63	0.26
250	51614.2931	51614.3125	51614.3028	 0.44	0.31
251	51628.2222	51628.2417	51628.2319	-0.06	0.11
252	51633.1583	51633.1778	51633.1681	 0.17	0.32
253	51635.1618	51635.1813	51635.1715	 0.34	0.23
254	51637.1799	51637.1993	51637.1896	 0.86	0.29
255	51639.1854	51639.2049	51639.1951	 0.07	0.23
256	51641.1813	51641.2007	51641.1910	 0.35	0.32
257	51657.1556	51657.1750	51657.1653	 0.32	0.23
258	51658.1840	51658.2035	51658.1938	 0.58	0.23
259	51659.1507	51659.1701	51659.1604	 0.36	0.20
260	51660.1514	51660.1708	51660.1611	 0.25	0.26
261	51661.1396	51661.2993	51661.2202	 2.02	0.25
262	51662.2340	51662.2931	51662.2634	 1.53	0.24
263	51663.1410	51663.2993	51663.2209	 0.80	0.26
264	51664.2007	51664.2785	51664.2396	 4.23	0.30
265	51665.1493	51665.2854	51665.2174	 1.34	0.25
266	51666.1500	51666.2083	51666.1792	 1.54	0.26
267	51667.1604	51667.2813	51667.2183	 0.59	0.25
268	51668.1563	51668.2160	51668.1859	 0.40	0.18
269	51669.1667	51669.1861	51669.1764	 0.68	0.21
270	51872.5076	51872.5229	51872.5153	 0.89	0.49
271	51873.4979	51873.5174	51873.5076	 0.47	0.42
272	51875.5069	51875.5285	51875.5177	 1.35	0.51
273	51876.5007	51876.5340	51876.5174	 0.45	0.38
274	51877.5076	51877.5299	51877.5188	 1.45	0.41
275	51882.5097	51882.5292	51882.5194	 0.70	0.21
276	51883.4583	51883.5292	51883.4905	 0.06	0.33
277	51884.4694	51884.4889	51884.4792	 0.66	0.22
278	51885.4931	51885.5125	51885.5028	 1.06	0.22
279	51900.4146	51900.4340	51900.4243	 0.63	0.22
280	51905.4097	51905.4292	51905.4194	 0.60	0.24
281	51906.4840	51906.5035	51906.4938	 0.67	0.24
282	51907.5097	51907.5292	51907.5194	 0.75	0.21
283	51913.4097	51913.4292	51913.4194	 0.14	0.21
284	51928.3757	51928.3951	51928.3854	 1.89	0.27
285	51929.3403	51929.3986	51929.3694	 0.74	0.23
286	51930.3236	51930.5021	51930.4155	 2.20	0.27
287	51931.3160	51931.4535	51931.3810	 2.18	0.24
288	51933.3118	51933.5479	51933.4354	 1.32	0.25
289	51934.3083	51934.5444	51934.4165	 1.32	0.25
290	51935.4097	51935.4292	51935.4194	 1.31	0.26
291	51939.3007	51939.4250	51939.3628	 1.21	0.27
292	51940.3556	51940.4833	51940.4229	 2.40	0.27
293	51941.3653	51941.5333	51941.4442	 2.22	0.27
294	51942.3639	51942.4903	51942.4293	 2.71	0.27
295	51943.4035	51943.5125	51943.4580	 2.40	0.27
296	51944.4646	51944.4840	51944.4743	 1.44	0.27
297	51959.2326	51959.2521	51959.2424	 1.03	0.27
298	51960.2715	51960.2910	51960.2813	 1.82	0.25
299	51965.4194	51965.4604	51965.4399	 3.32	0.28
300	51967.2722	51967.3701	51967.3213	 2.51	0.27
301	51983.2021	51983.2417	51983.2219	 1.59	0.25
302	51984.2104	51984.2382	51984.2240	 1.40	0.37
303	51985.2840	51985.3729	51985.3285	 1.21	0.41
304	51986.3306	51986.3500	51986.3403	 0.83	0.21
305	51987.1875	51987.3667	51987.2761	 5.88	0.28
306	51988.1750	51988.3146	51988.2410	 1.15	0.21
307	51989.1715	51989.3688	51989.2737	 4.80	0.27
308	51990.2097	51990.3715	51990.3052	 0.61	0.20
309	51991.1840	51991.3597	51991.2718	 1.46	0.24
310	51992.2632	51992.3417	51992.3026	 1.90	0.22
311	51993.2167	51993.3556	51993.2867	 3.63	0.25
312	51994.2681	51994.3528	51994.3104	 3.82	0.27
313	51995.2896	51995.3479	51995.3188	 3.70	0.27
314	51996.2861	51996.3743	51996.3325	 3.05	0.25
315	51997.2340	51997.3069	51997.2705	 1.24	0.38
316	51998.3486	51998.3681	51998.3583	 1.22	0.19
317	51999.3292	51999.3431	51999.3361	 1.87	0.46
318	52012.1757	52012.2736	52012.2247	 0.56	0.22
319	52013.1424	52013.3076	52013.2310	 2.27	0.25
320	52014.1458	52014.1528	52014.1493	 0.62	0.34
321	52015.1535	52015.1674	52015.1604	 0.74	0.33
322	52016.1465	52016.1604	52016.1535	 0.50	0.33
323	52020.1486	52020.1556	52020.1521	 0.55	0.40
324	52022.1521	52022.1590	52022.1556	 0.81	0.32
325	52050.1688	52050.1757	52050.1722	 0.12	0.35
326	52051.1660	52051.1729	52051.1694	 0.54	0.33
327	52052.1833	52052.2028	52052.1931	 0.54	0.19
328	52053.1708	52053.1903	52053.1806	 0.63	0.18
329	52230.5146	52230.5285	52230.5215	 0.76	0.23
330	52231.5104	52231.5299	52231.5201	 0.24	0.18
331	52257.4951	52257.5146	52257.5049	 0.47	0.19
332	52260.5257	52260.5451	52260.5354	 0.15	0.18
333	52261.4799	52261.4993	52261.4896	 0.16	0.17
334	52262.5174	52262.5368	52262.5271	 0.03	0.14
335	52263.5313	52263.5417	52263.5365	 0.22	0.27
336	52264.4292	52264.4486	52264.4389	-0.13	0.20
337	52282.3563	52282.3757	52282.3660	 0.32	0.19
338	52283.3813	52283.4403	52283.4109	 0.07	0.17
339	52285.3688	52285.4285	52285.3988	 0.04	0.18
340	52286.4660	52286.5056	52286.4858	-0.09	0.18
341	52287.4153	52287.4549	52287.4351	-0.28	0.17
342	52288.4493	52288.4889	52288.4691	 0.17	0.17
343	52293.3854	52293.5201	52293.4549	-0.17	0.18
344	52294.3701	52294.4694	52294.4196	 1.09	0.19
345	52295.3174	52295.3958	52295.3568	 0.09	0.16
346	52296.3986	52296.4576	52296.4282	 0.29	0.17
347	52297.4368	52297.4563	52297.4465	 0.48	0.17
348	52298.4313	52298.4708	52298.4510	 0.80	0.19
349	52312.2736	52312.4042	52312.3389	 0.33	0.17
350	52313.2910	52313.3306	52313.3108	 0.01	0.16
351	52314.3264	52314.3458	52314.3361	 0.17	0.17
352	52315.3306	52315.3500	52315.3403	 0.10	0.19
353	52316.4278	52316.4472	52316.4375	-0.25	0.19
354	52318.2875	52318.3271	52318.3073	 0.19	0.16
355	52319.2986	52319.3181	52319.3083	 0.29	0.18
356	52339.2910	52339.3104	52339.3007	 0.23	0.19
357	52342.2979	52342.3174	52342.3076	 0.15	0.16
358	52345.2521	52345.2715	52345.2618	 0.07	0.14
359	52353.3403	52353.3597	52353.3500	 0.17	0.16
360	52354.3382	52354.3576	52354.3479	 0.11	0.15
361	52368.1993	52368.3146	52368.2569	 1.04	0.17
362	52369.1833	52369.2028	52369.1931	 0.30	0.16
363	52370.2021	52370.2215	52370.2118	 0.61	0.17
364	52372.2458	52372.2653	52372.2556	 0.77	0.15
365	52373.2146	52373.2340	52373.2243	 0.93	0.17
366	52375.2028	52375.2222	52375.2125	 0.10	0.16
367	52376.2028	52376.2222	52376.2125	 0.68	0.16
368	52377.1868	52377.2063	52377.1965	 0.37	0.16
369	52382.2819	52382.3014	52382.2917	-0.07	0.17
370	52398.1854	52398.2049	52398.1951	 0.20	0.15
371	52399.1556	52399.1750	52399.1653	 0.20	0.14
372	52400.1854	52400.2049	52400.1951	 0.27	0.17
373	52404.1569	52404.1764	52404.1667	 0.07	0.13
374	52592.4986	52592.5257	52592.5120	 0.90	0.26
375	52612.4875	52612.5271	52612.5073	 0.03	0.13
376	52613.4715	52613.5111	52613.4913	 0.90	0.16
377	52615.4576	52615.4771	52615.4674	 0.27	0.15
378	52616.4972	52616.5375	52616.5174	 0.15	0.13
379	52617.4340	52617.5236	52617.4639	 0.67	0.24
380	52618.4590	52618.4861	52618.4724	 0.13	0.24
381	52619.4653	52619.5042	52619.4847	-0.04	0.24
382	52620.4569	52620.4958	52620.4764	 0.37	0.17
383	52621.4500	52621.4694	52621.4597	 0.55	0.17
384	52622.4979	52622.5174	52622.5076	 0.33	0.14
385	52624.4951	52624.5146	52624.5049	 1.17	0.20
386	52639.4715	52639.4910	52639.4813	 0.81	0.16
387	52640.4389	52640.4951	52640.4670	 1.17	0.16
388	52641.4215	52641.4875	52641.4545	 0.17	0.23
389	52642.4097	52642.4403	52642.4260	 0.63	0.14
390	52645.3792	52645.4667	52645.4225	 1.69	0.17
391	52646.3965	52646.4160	52646.4063	 1.06	0.14
392	52649.4229	52649.5042	52649.4612	 1.10	0.16
393	52650.4160	52650.5056	52650.4608	 0.40	0.12
394	52651.4882	52651.5500	52651.5191	 1.76	0.19
395	52652.4500	52652.4889	52652.4694	 1.40	0.16
396	52653.4507	52653.5444	52653.4996	 1.29	0.16
397	52665.3604	52665.3674	52665.3639	-0.08	0.21
398	52666.3278	52666.3347	52666.3313	 1.17	0.27
399	52667.3701	52667.3771	52667.3736	 0.33	0.22
400	52668.3979	52668.4049	52668.4014	 0.92	0.24
401	52669.4382	52669.4451	52669.4417	 0.33	0.20
402	52670.4694	52670.4764	52670.4729	 0.50	0.23
403	52671.4847	52671.4917	52671.4882	 0.21	0.22
404	52673.4104	52673.4174	52673.4139	-0.33	0.21
405	52676.4215	52676.4917	52676.4586	 1.64	0.17
406	52677.2979	52677.3174	52677.3076	 0.46	0.15
407	52680.4236	52680.4306	52680.4271	 0.17	0.22
408	52705.3667	52705.3861	52705.3764	 0.81	0.16
409	52706.4160	52706.4354	52706.4257	 0.17	0.14
410	52709.4090	52709.4285	52709.4188	 0.52	0.14
411	52720.1639	52720.1833	52720.1736	 0.45	0.16
412	52721.2201	52721.2396	52721.2299	 0.29	0.13
413	52722.2771	52722.2965	52722.2868	 0.33	0.12
414	52724.3083	52724.3486	52724.3285	 0.73	0.15
415	52725.1757	52725.2667	52725.2212	 0.58	0.14
416	52728.2153	52728.2826	52728.2550	 1.18	0.17
417	52729.2660	52729.3153	52729.2918	 0.40	0.17
418	52730.3507	52730.3701	52730.3604	 0.85	0.17
419	52732.3264	52732.3458	52732.3361	 0.36	0.16
420	52733.3257	52733.3653	52733.3455	 0.36	0.16
421	52734.3111	52734.3306	52734.3208	 0.22	0.13
422	52736.2938	52736.3132	52736.3035	 0.09	0.12
423	52750.1771	52750.2410	52750.2083	 0.69	0.13
424	52751.1597	52751.1993	52751.1795	 0.34	0.13
425	52752.2736	52752.2931	52752.2833	 0.49	0.14
426	52753.2625	52753.2694	52753.2660	 0.93	0.26
427	52754.1861	52754.2264	52754.2063	 0.09	0.14
428	52755.1493	52755.2111	52755.1803	 0.10	0.14
429	52756.1465	52756.2056	52756.1762	 0.52	0.15
430	52757.1750	52757.2146	52757.1948	 0.42	0.14
431	52758.1813	52758.2208	52758.2010	 0.33	0.12
432	52760.1986	52760.2181	52760.2083	 0.09	0.12
433	52761.1521	52761.2382	52761.1951	 0.17	0.13
434	52762.1451	52762.2153	52762.1819	 0.05	0.15
435	52972.4882	52972.5076	52972.2083	 0.63	0.18
436	52998.4681	52998.5486	52998.5087	 1.08	0.20
437	53007.4750	53007.5319	53007.5035	 1.29	0.21
438	53022.3938	53022.4132	53022.4035	 0.43	0.17
439	53023.3389	53023.4188	53023.3786	 0.47	0.20
440	53031.3882	53031.4076	53031.3979	 0.82	0.19
441	53032.4986	53032.5181	53032.5083	 1.63	0.21
442	53033.5007	53033.5201	53033.5104	 2.26	0.22
443	53034.4667	53034.5063	53034.4865	 0.50	0.19
444	53050.2958	53050.3347	53050.3153	 0.04	0.11
445	53051.3111	53051.3819	53051.3465	 0.65	0.17
446	53052.2910	53052.3826	53052.3513	 0.91	0.17
447	53053.2799	53053.4583	53053.3406	 0.73	0.20
448	53057.3340	53057.3924	53057.3632	 0.52	0.14
449	53061.3313	53061.3708	53061.3510	 0.94	0.17
450	53062.3299	53062.4153	53062.3726	 1.25	0.18
451	53075.2264	53075.2458	53075.2361	 0.19	0.14
452	53079.2771	53079.2965	53079.2868	 2.56	0.21
453	53080.2590	53080.2986	53080.2788	 1.92	0.19
454	53081.2563	53081.3736	53081.3148	 0.99	0.17
455	53082.3361	53082.3750	53082.3556	 1.07	0.19
456	53083.2458	53083.3056	53083.2757	 1.17	0.17
457	53084.2424	53084.3403	53084.2915	 0.32	0.13
458	53085.2500	53085.3375	53085.2906	 1.33	0.18
459	53086.2125	53086.3292	53086.2689	 1.32	0.20
460	53087.3438	53087.3840	53087.3639	 1.25	0.25
461	53090.3007	53090.3597	53090.3301	 0.75	0.17
462	53091.3201	53091.3590	53091.3396	 2.09	0.20
463	53092.3576	53092.3771	53092.3674	 1.07	0.18
464	53104.1806	53104.2472	53104.2153	 2.37	0.20
465	53107.1597	53107.3222	53107.2412	 2.34	0.20
466	53108.1833	53108.2632	53108.2234	 3.52	0.20
467	53109.1889	53109.2875	53109.2333	 2.73	0.19
468	53110.2014	53110.3014	53110.2516	 2.38	0.21
469	53111.1903	53111.3299	53111.2602	 2.49	0.22
470	53113.2590	53113.2785	53113.2688	 1.58	0.20
471	53114.1910	53114.2903	53114.2405	 1.91	0.19
472	53115.1882	53115.2889	53115.2385	 2.68	0.22
473	53116.1917	53116.2729	53116.2292	 2.42	0.19
474	53117.2076	53117.2472	53117.2274	 2.17	0.19
475	53118.2292	53118.2889	53118.2588	 2.66	0.20
476	53119.2875	53119.3069	53119.2972	 1.42	0.18
477	53136.1674	53136.2063	53136.1868	 0.26	0.14
478	53137.2097	53137.2167	53137.2132	 1.11	0.26
479	53139.1910	53139.2299	53139.2104	 0.48	0.15
480	53140.1708	53140.2097	53140.1903	 0.36	0.15
481	53141.1694	53141.1889	53141.1792	 0.93	0.16
482	53142.2028	53142.2222	53142.2125	 0.44	0.14
483	53143.1806	53143.2194	53143.2000	 1.23	0.18
484	53144.1806	53144.2194	53144.2000	 0.34	0.26
485	53146.1882	53146.2076	53146.1979	 0.22	0.16
486	53348.4604	53348.4674	53348.4639	 1.81	0.36
487	53349.4729	53349.5243	53349.5045	 2.58	0.22
488	53351.5160	53351.5354	53351.5257	 1.91	0.20
489	53352.4903	53352.5368	53352.5133	 2.01	0.33
490	53353.4806	53353.5389	53353.5097	 0.94	0.17
491	53354.4424	53354.5201	53354.4778	 1.68	0.18
492	53355.4625	53355.5271	53355.4948	 1.19	0.18
493	53359.4174	53359.5306	53359.4740	 0.61	0.18
494	53385.4236	53385.4431	53385.4333	 0.12	0.16
495	53387.4215	53387.4410	53387.4313	 0.22	0.16
496	53389.4604	53389.4799	53389.4701	 0.47	0.17
497	53405.3292	53405.3486	53405.3389	 0.83	0.18
498	53432.2931	53432.3125	53432.3028	 0.26	0.14
499	53433.2972	53433.3167	53433.3069	 0.24	0.15
500	53438.2910	53438.3104	53438.3007	 0.02	0.16
501	53440.2917	53440.3979	53440.3454	 0.08	0.16
502	53441.2965	53441.3160	53441.3063	 0.30	0.14
503	53442.2951	53442.3146	53442.3049	 0.25	0.16
504	53443.2986	53443.3181	53443.3083	 0.08	0.17
505	53445.3201	53445.3861	53445.3531	 0.31	0.17
506	53461.2146	53461.2340	53461.2243	 0.43	0.15
507	53462.2264	53462.2458	53462.2361	 0.58	0.15
508	53465.2188	53465.2382	53465.2285	 0.49	0.18
509	53466.2292	53466.2938	53466.2615	 0.47	0.20
510	53469.2042	53469.2236	53469.2139	 0.51	0.19
511	53470.2278	53470.2889	53470.2583	 0.52	0.18
512	53471.2319	53471.2597	53471.2462	 0.36	0.17
513	53488.1486	53488.1681	53488.1583	 0.83	0.16
514	53489.1736	53489.1931	53489.1833	 0.96	0.18
515	53490.1708	53490.1903	53490.1806	 0.49	0.16
516	53493.1514	53493.2528	53493.2021	 0.48	0.15
517	53496.1549	53496.2153	53496.1851	 0.32	0.15
518	53498.1556	53498.2701	53498.2000	 0.08	0.18
519	53528.1771	53528.1965	53528.1868	 0.32	0.16
520	53703.4632	53703.5021	53703.4826	 0.74	0.19
521	53704.4632	53704.5396	53704.5045	 0.85	0.24
522	53705.4576	53705.5347	53705.4962	 1.34	0.19
523	53706.4806	53706.5354	53706.5079	 0.86	0.23
524	53708.4542	53708.5340	53708.4977	 1.10	0.20
525	53709.4715	53709.5396	53709.4981	 0.57	0.32
526	53710.4556	53710.5146	53710.4852	 0.79	0.19
527	53711.4708	53711.5104	53711.4906	 1.01	0.19
528	53712.5007	53712.5403	53712.5205	 1.70	0.20
529	53714.4694	53714.4889	53714.4792	 1.32	0.19
530	53731.4146	53731.4410	53731.4278	 2.23	0.37
531	53732.4063	53732.4854	53732.4458	 2.18	0.21
532	53733.3889	53733.5389	53733.4650	 1.46	0.20
533	53734.3826	53734.5403	53734.4600	 1.93	0.20
534	53735.3944	53735.4340	53735.4142	 0.88	0.19
535	53739.3799	53739.5479	53739.4717	 1.43	0.22
536	53740.3694	53740.5368	53740.4505	 1.64	0.18
537	53742.3993	53742.5396	53742.4770	 0.60	0.16
538	53758.3382	53758.3451	53758.3417	 0.93	0.19
539	53761.3701	53761.4292	53761.3998	 1.70	0.19
540	53762.3389	53762.3583	53762.3486	 0.72	0.16
541	53763.2931	53763.4542	53763.3683	 2.13	0.20
542	53764.3486	53764.4083	53764.3782	 1.22	0.19
543	53765.3375	53765.4736	53765.4119	 1.70	0.18
544	53766.3333	53766.4542	53766.3998	 1.19	0.19
545	53767.3285	53767.4042	53767.3693	 1.07	0.21
546	53768.3375	53768.4653	53768.4082	 1.48	0.28
547	53769.3382	53769.3965	53769.3674	 1.41	0.18
548	53786.2431	53786.2986	53786.2708	 0.37	0.19
549	53790.3986	53790.4181	53790.4083	 1.20	0.19
550	53791.2833	53791.4674	53791.3616	 0.87	0.19
551	53793.2806	53793.3778	53793.3270	 1.20	0.27
552	53794.2826	53794.3021	53794.2924	 0.84	0.16
553	53796.4236	53796.4431	53796.4333	 0.77	0.19
554	53797.2639	53797.3035	53797.2837	 0.49	0.17
555	53799.3014	53799.3208	53799.3111	 0.82	0.18
556	53817.2076	53817.3160	53817.2646	 0.66	0.18
557	53818.1521	53818.3354	53818.2660	 0.36	0.17
558	53819.2590	53819.3181	53819.2884	 0.05	0.15
559	53820.2201	53820.3194	53820.2752	 0.25	0.15
560	53823.2361	53823.3424	53823.2889	 0.37	0.18
561	53825.2007	53825.3382	53825.2733	 0.52	0.17
562	53827.2556	53827.3750	53827.3175	 0.30	0.16
563	53829.3285	53829.3479	53829.3382	 0.33	0.15
564	53843.1569	53843.1958	53843.1764	 0.89	0.20
565	53844.1438	53844.2465	53844.1995	 0.87	0.15
566	53845.1424	53845.2340	53845.1930	 1.09	0.20
567	53846.1451	53846.2813	53846.2133	 1.85	0.16
568	53848.1799	53848.2778	53848.2289	 1.53	0.21
569	53849.1444	53849.2667	53849.2111	 0.62	0.16
570	53850.1403	53850.2188	53850.1795	 1.00	0.16
571	53851.1757	53851.2896	53851.2281	 0.93	0.16
572	53852.1396	53852.2597	53852.1933	 0.61	0.15
573	53854.1535	53854.2917	53854.2232	 0.41	0.17
574	53855.1924	53855.2951	53855.2438	 0.54	0.16
575	53856.2451	53856.2646	53856.2549	 1.37	0.16
576	53873.1618	53873.2201	53873.1910	 0.78	0.14
577	53874.1813	53874.1882	53874.1847	 0.40	0.18
578	53876.1583	53876.1972	53876.1778	 0.77	0.13
579	53877.1681	53877.2271	53877.1975	 0.83	0.17
580	53878.1521	53878.2194	53878.1844	 1.02	0.17
581	53879.1535	53879.2243	53879.1867	 0.65	0.15
582	53880.1556	53880.1750	53880.1653	 1.21	0.19
583	53881.1597	53881.2264	53881.1931	 1.17	0.16
584	53882.1604	53882.2201	53882.1903	 1.47	0.18
585	53883.1597	53883.2181	53883.1889	 1.20	0.17
586	53884.1861	53884.2056	53884.1958	 1.57	0.16
587	54062.4847	54062.5042	54062.4944	 0.38	0.18
588	54064.4778	54064.4972	54064.4875	 0.26	0.20
589	54067.5125	54067.5319	54067.5222	 0.39	0.23
590	54085.4069	54085.4472	54085.4271	 0.08	0.23
591	54090.4771	54090.5438	54090.5101	 0.23	0.31
592	54115.3569	54115.4368	54115.4002	 0.37	0.26
593	54116.3431	54116.4667	54116.4012	 0.21	0.23
594	54117.3431	54117.4042	54117.3736	 0.84	0.23
595	54127.4049	54127.4438	54127.4243	 0.91	0.23
596	54128.4576	54128.4771	54128.4674	 0.54	0.23
597	54147.2792	54147.3993	54147.3392	 0.35	0.19
598	54148.2563	54148.3674	54148.3115	 0.40	0.18
599	54150.3618	54150.4028	54150.3823	 0.30	0.17
600	54152.2576	54152.3194	54152.2891	 0.40	0.17
601	54154.3063	54154.4160	54154.3528	 0.36	0.18
602	54156.3965	54156.4361	54156.4163	 0.28	0.17
603	54168.2090	54168.2285	54168.2188	 0.01	0.18
604	54170.2563	54170.2951	54170.2757	 0.28	0.19
605	54171.2438	54171.3257	54171.2884	 0.17	0.15
606	54172.2507	54172.3104	54172.2806	 0.35	0.16
607	54173.2549	54173.3139	54173.2843	 0.30	0.19
608	54174.2646	54174.3243	54174.2944	 0.64	0.17
609	54175.2903	54175.3708	54175.3343	 0.56	0.16
610	54176.3451	54176.3868	54176.3660	 0.06	0.18
611	54177.2410	54177.3729	54177.2949	 0.44	0.16
612	54179.1993	54179.2806	54179.2363	 0.41	0.17
613	54184.3681	54184.3875	54184.3778	 0.55	0.18
614	54198.1653	54198.2431	54198.2009	 0.07	0.18
615	54201.1444	54201.3285	54201.2557	 0.31	0.16
616	54202.2236	54202.2431	54202.2333	-0.06	0.12
617	54204.1229	54204.2271	54204.1700	 0.36	0.15
618	54205.1306	54205.2340	54205.1762	 0.64	0.15
619	54206.1660	54206.2667	54206.2215	 0.51	0.14
620	54208.1715	54208.2521	54208.2123	 0.12	0.14
621	54209.2042	54209.2882	54209.2474	 0.25	0.15
622	54210.2104	54210.2694	54210.2400	-0.06	0.20
623	54227.1382	54227.1979	54227.1681	 0.17	0.15
624	54228.1611	54228.2215	54228.1914	-0.09	0.14
625	54229.1681	54229.2292	54229.1986	 0.09	0.14
626	54230.1438	54230.2257	54230.1882	 0.22	0.15
627	54231.1444	54231.2243	54231.1845	 0.22	0.14
628	54232.1549	54232.2035	54232.1772	-0.28	0.34
629	54233.2007	54233.2201	54233.2104	 0.11	0.16
630	54235.1451	54235.2250	54235.1849	 0.15	0.13
631	54236.1472	54236.1667	54236.1569	 0.10	0.13
632	54238.1813	54238.2424	54238.2118	 0.08	0.14
633	54257.1743	54257.1938	54257.1840	 0.47	0.18
634	54258.1632	54258.1847	54258.1743	 0.26	0.18
635	54259.1632	54259.1958	54259.1795	-0.15	0.17
636	54260.1743	54260.1938	54260.1840	 0.04	0.16
637	54262.1736	54262.1931	54262.1833	 0.50	0.16
638	54264.1639	54264.1833	54264.1736	-0.09	0.17
639	54415.5076	54415.5271	54415.5174	 0.05	0.25
640	54417.5049	54417.5243	54417.5146	 0.66	0.27
641	54421.4917	54421.5215	54421.5067	 0.44	0.33
642	54422.4875	54422.5271	54422.5073	 0.09	0.25
643	54423.4854	54423.5250	54423.5052	 0.61	0.24
644	54475.3646	54475.4500	54475.4073	 1.07	0.22
645	54476.3674	54476.5174	54476.4412	 0.11	0.22
646	54477.4569	54477.5181	54477.4875	 0.73	0.24
647	54478.3500	54478.5285	54478.4394	 1.47	0.24
648	54480.3743	54480.4938	54480.4337	 0.82	0.27
649	54481.3931	54481.4125	54481.4028	 1.54	0.23
650	54482.4396	54482.4590	54482.4493	 0.80	0.22
651	54483.4736	54483.5354	54483.5049	 1.13	0.23
652	54496.3569	54496.3729	54496.3649	 0.77	0.44
653	54497.3042	54497.4056	54497.3543	 0.70	0.38
654	54498.3049	54498.4229	54498.3688	 1.27	0.47
655	54499.3236	54499.4257	54499.3795	 0.44	0.43
656	54502.2903	54502.4139	54502.3578	 2.25	0.41
657	54503.2792	54503.4625	54503.3809	 2.25	0.42
658	54504.2639	54504.4417	54504.3529	 2.22	0.38
659	54505.2785	54505.5000	54505.3891	 1.37	0.36
660	54506.2840	54506.4660	54506.3628	 0.90	0.36
661	54507.3333	54507.4292	54507.3803	 0.92	0.36
662	54508.3063	54508.5132	54508.4224	 1.65	0.38
663	54509.3118	54509.5069	54509.3994	 1.80	0.36
664	54510.3951	54510.5000	54510.4474	 1.12	0.39
665	54522.2347	54522.2542	54522.2444	 1.06	0.32
666	54523.2403	54523.2597	54523.2500	 1.77	0.37
667	54525.2604	54525.3403	54525.3039	 1.34	0.34
668	54526.3014	54526.3410	54526.3212	 0.67	0.33
669	54527.2528	54527.3389	54527.3000	 1.88	0.35
670	54529.2188	54529.3021	54529.2558	 1.08	0.31
671	54530.2847	54530.3313	54530.3080	 1.50	0.35
672	54531.2132	54531.3778	54531.2907	 2.23	0.35
673	54532.2431	54532.3014	54532.2722	 1.94	0.34
674	54533.2389	54533.3993	54533.3143	 0.86	0.33
675	54534.2396	54534.4000	54534.3247	 1.05	0.34
676	54535.2639	54535.3271	54535.2961	 1.19	0.33
677	54536.2833	54536.4222	54536.3598	 0.92	0.32
678	54538.3132	54538.4236	54538.3620	 0.66	0.33
679	54552.1639	54552.2750	54552.2215	 2.72	0.35
680	54553.1625	54553.3139	54553.2374	 2.23	0.36
681	54554.1771	54554.2569	54554.2204	 0.98	0.37
682	54555.2764	54555.3368	54555.3063	 3.93	0.38
683	54556.1688	54556.2479	54556.2118	 2.90	0.33
684	54557.1660	54557.2993	54557.2449	 2.99	0.41
685	54559.2042	54559.2826	54559.2432	 1.77	0.40
686	54560.1681	54560.2514	54560.2058	 1.46	0.39
687	54561.1701	54561.2743	54561.2226	 1.01	0.30
688	54562.1694	54562.2569	54562.2176	 0.78	0.41
689	54563.1681	54563.2417	54563.2051	 2.41	0.40
690	54564.1688	54564.2965	54564.2294	 0.05	0.39
691	54565.2257	54565.2736	54565.2497	 0.81	0.35
692	54566.2625	54566.2819	54566.2722	 0.13	0.37
693	54580.1368	54580.1979	54580.1674	 1.35	0.29
694	54581.1375	54581.1979	54581.1677	 0.90	0.32
695	54582.1382	54582.2208	54582.1759	 1.26	0.30
696	54583.1438	54583.1826	54583.1632	 0.90	0.31
697	54584.1396	54584.1951	54584.1674	 0.41	0.32
698	54585.2007	54585.2396	54585.2201	 2.04	0.34
699	54586.1486	54586.2875	54586.2180	 1.51	0.29
700	54587.1618	54587.2410	54587.2049	 1.34	0.36
701	54588.1750	54588.2938	54588.2250	 6.89	0.35
702	54589.1424	54589.2826	54589.2091	 3.12	0.30
703	54591.1424	54591.2833	54591.2167	 0.73	0.37
704	54592.1424	54592.2403	54592.1915	 1.06	0.34
705	54593.1840	54593.2729	54593.2280	 0.67	0.35
706	54594.2215	54594.2611	54594.2413	 1.12	0.33
707	54611.1549	54611.2139	54611.1843	 1.47	0.27
708	54612.1569	54612.2160	54612.1866	 2.08	0.34
709	54613.1569	54613.2160	54613.1863	 0.19	0.34
710	54614.1569	54614.2090	54614.1827	 0.02	0.33
711	54615.1583	54615.2174	54615.1877	 0.90	0.33
712	54616.1590	54616.2174	54616.1882	 0.33	0.35
713	54617.1590	54617.1986	54617.1788	 1.89	0.25
714	54618.1597	54618.1986	54618.1792	 0.49	0.31
715	54619.1604	54619.1993	54619.1799	 0.87	0.28
716	54620.1611	54620.1910	54620.1759	 0.38	0.20
717	54621.1618	54621.2007	54621.1813	 0.96	0.35
718	54622.1833	54622.2028	54622.1931	 1.91	0.26
719	54828.4146	54828.4958	54828.4516	 0.06	0.21
720	54829.4535	54829.5361	54829.4986	 0.67	0.21
721	54830.4160	54830.4965	54830.4597	 0.42	0.19
722	54831.4188	54831.4896	54831.4525	 0.60	0.20
723	54832.4250	54832.4646	54832.4448	 0.42	0.22
724	54833.4278	54833.5313	54833.4800	 0.34	0.20
725	54851.3521	54851.3715	54851.3618	 0.90	0.28
726	54856.3326	54856.4944	54856.4241	 1.01	0.26
727	54858.3910	54858.4729	54858.4352	 0.66	0.27
728	54859.3417	54859.4007	54859.3713	 0.59	0.24
729	54860.3861	54860.4896	54860.4438	 0.76	0.24
730	54862.3375	54862.5215	54862.4417	 0.91	0.24
731	54863.3722	54863.4868	54863.4300	 1.08	0.25
732	54864.3667	54864.4465	54864.4100	 1.00	0.26
733	54865.3639	54865.4854	54865.4300	 0.58	0.23
734	54866.4063	54866.4667	54866.4361	 0.76	0.24
735	54867.4535	54867.4944	54867.4740	 0.03	0.24
736	54879.2840	54879.3625	54879.3234	 0.86	0.27
737	54881.2736	54881.4181	54881.3517	 0.90	0.23
738	54882.2799	54882.3826	54882.3315	 0.91	0.22
739	54883.2611	54883.4042	54883.3331	 0.48	0.21
740	54884.2625	54884.3840	54884.3282	 0.84	0.22
741	54885.2625	54885.3014	54885.2819	 0.36	0.19
742	54886.3743	54886.4132	54886.3938	 0.41	0.23
743	54888.2826	54888.4111	54888.3523	 0.78	0.24
744	54889.2493	54889.3722	54889.3163	 0.59	0.22
745	54890.3167	54890.3361	54890.3264	 0.35	0.19
746	54891.2938	54891.3951	54891.3497	 0.44	0.20
747	54892.3132	54892.3931	54892.3567	 0.62	0.20
748	54893.3403	54893.4000	54893.3701	 0.91	0.28
749	54906.1875	54906.2646	54906.2257	 0.95	0.26
750	54907.1986	54907.2569	54907.2278	 0.72	0.26
751	54908.1625	54908.3333	54908.2508	 0.83	0.24
752	54909.1688	54909.3354	54909.2460	-0.49	0.31
753	54910.1854	54910.3486	54910.2667	 0.73	0.20
754	54911.2326	54911.3611	54911.2872	 0.19	0.19
755	54913.1931	54913.3833	54913.2919	 0.68	0.26
756	54914.2174	54914.3785	54914.2973	 0.18	0.25
757	54916.1785	54916.3799	54916.2794	 0.52	0.23
758	54918.1792	54918.3611	54918.2677	 0.10	0.23
759	54919.1806	54919.2840	54919.2322	 0.08	0.23
760	54920.2403	54920.3410	54920.2851	 0.77	0.26
761	54921.2736	54921.3771	54921.3255	 0.30	0.23
762	54922.3181	54922.3660	54922.3427	 0.16	0.22
763	54934.1410	54934.2250	54934.1873	 0.80	0.28
764	54937.1319	54937.3236	54937.2384	 0.73	0.32
765	54938.1333	54938.3132	54938.2296	 1.20	0.26
766	54939.1451	54939.3056	54939.2333	 0.53	0.24
767	54940.1847	54940.3035	54940.2440	 0.22	0.19
768	54941.1958	54941.3139	54941.2546	 0.86	0.22
769	54942.1375	54942.2917	54942.2270	 0.24	0.22
770	54943.1389	54943.3014	54943.2201	 0.30	0.21
771	54944.1375	54944.3174	54944.2252	 0.44	0.24
772	54945.1375	54945.2764	54945.2104	 0.35	0.23
773	54947.1736	54947.2993	54947.2328	 0.59	0.26
774	54948.1806	54948.3014	54948.2433	 0.94	0.25
775	54949.2736	54949.2931	54949.2833	 0.53	0.22
776	54964.1771	54964.2354	54964.2063	 0.72	0.22
777	54965.1521	54965.2319	54965.1956	 0.16	0.19
778	54966.1535	54966.2125	54966.1829	 0.11	0.20
779	54967.1514	54967.2104	54967.1808	 0.48	0.19
780	54968.1458	54968.2306	54968.1868	 0.20	0.18
781	54975.1563	54975.2146	54975.1854	 0.41	0.23
782	54976.1569	54976.2153	54976.1861	 0.06	0.21
783	54977.1563	54977.2153	54977.1856	 0.36	0.22
